Rank,Song,Artist,Year,Main Emotion,anger,anticipation,disgust,fear,joy,sadness,surprise,trust
1,Love Yourself,Justin Bieber,2016,joy,0.0,16.666666666666668,16.666666666666668,0.0,33.333333333333336,0.0,16.666666666666668,16.666666666666668
2,Sorry,Justin Bieber,2016,joy,7.142857142857143,14.285714285714286,14.285714285714286,7.142857142857143,21.428571428571427,7.142857142857143,14.285714285714286,14.285714285714286
3,One Dance,Drake,2016,joy,0.0,27.272727272727273,0.0,0.0,36.36363636363637,0.0,0.0,36.36363636363637
4,Work,Rihanna,2016,sadness,25.0,8.333333333333334,8.333333333333334,25.0,0.0,33.333333333333336,0.0,0.0
5,Stressed Out,Twenty One Pilots,2016,anticipation,17.647058823529413,23.529411764705884,5.882352941176471,0.0,17.647058823529413,0.0,17.647058823529413,17.647058823529413
6,Panda,Desiigner,2016,anger,25.0,0.0,25.0,25.0,0.0,0.0,0.0,25.0
7,Hello,Adele,2016,anticipation,0.0,50.0,0.0,0.0,0.0,0.0,0.0,50.0
8,Don't Let Me Down,The Chainsmokers,2016,anticipation,0.0,40.0,0.0,0.0,20.0,0.0,20.0,20.0
9,Can't Stop the Feeling!,Justin Timberlake,2016,joy,10.714285714285714,10.714285714285714,7.142857142857143,7.142857142857143,25.0,7.142857142857143,10.714285714285714,21.428571428571427
10,Closer,The Chainsmokers,2016,sadness,9.090909090909092,9.090909090909092,9.090909090909092,18.181818181818183,9.090909090909092,27.272727272727273,9.090909090909092,9.090909090909092
11,Cheap Thrills,Sia,2016,joy,12.5,25.0,0.0,6.25,31.25,0.0,6.25,18.75
12,7 Years,Lukas Graham,2016,sadness,15.384615384615385,7.6923076923076925,15.384615384615385,15.384615384615385,15.384615384615385,23.076923076923077,0.0,7.6923076923076925
13,Needed Me,Rihanna,2016,anger,23.529411764705884,11.764705882352942,11.764705882352942,11.764705882352942,23.529411764705884,5.882352941176471,5.882352941176471,5.882352941176471
14,My House,Flo Rida,2016,joy,9.090909090909092,18.181818181818183,0.0,9.090909090909092,36.36363636363637,9.090909090909092,0.0,18.181818181818183
15,I Took a Pill in Ibiza,Mike Posner,2016,joy,0.0,0.0,0.0,0.0,50.0,0.0,50.0,0.0
16,Work from Home,Fifth Harmony,2016,joy,0.0,0.0,0.0,0.0,100.0,0.0,0.0,0.0
17,This Is What You Came For,Calvin Harris,2016,anger,20.0,20.0,0.0,20.0,20.0,0.0,20.0,0.0
18,Cake by the Ocean,DNCE,2016,joy,0.0,22.22222222222222,0.0,0.0,33.333333333333336,11.11111111111111,11.11111111111111,22.22222222222222
19,Me Myself & I,G-Eazy,2016,joy,5.882352941176471,23.529411764705884,0.0,5.882352941176471,29.41176470588235,5.882352941176471,11.764705882352942,17.647058823529413
20,Ride,Twenty One Pilots,2016,anticipation,0.0,40.0,0.0,0.0,30.0,0.0,10.0,20.0
21,Heathens,Twenty One Pilots,2016,anger,14.285714285714286,14.285714285714286,14.285714285714286,14.285714285714286,0.0,14.285714285714286,14.285714285714286,14.285714285714286
22,Pillowtalk,Zayn,2016,fear,16.666666666666668,0.0,16.666666666666668,50.0,0.0,16.666666666666668,0.0,0.0
23,Stitches,Shawn Mendes,2016,anger,15.789473684210526,15.789473684210526,5.2631578947368425,10.526315789473685,15.789473684210526,15.789473684210526,5.2631578947368425,15.789473684210526
24,Hotline Bling,Drake,2016,joy,9.090909090909092,9.090909090909092,9.090909090909092,9.090909090909092,27.272727272727273,9.090909090909092,9.090909090909092,18.181818181818183
25,Cold Water,Major Lazer,2016,anticipation,0.0,100.0,0.0,0.0,0.0,0.0,0.0,0.0
26,Send My Love (To Your New Lover),Adele,2016,anger,33.333333333333336,33.333333333333336,0.0,0.0,33.333333333333336,0.0,0.0,0.0
27,Roses,The Chainsmokers,2016,joy,8.333333333333334,16.666666666666668,0.0,8.333333333333334,33.333333333333336,8.333333333333334,8.333333333333334,16.666666666666668
28,Treat You Better,Shawn Mendes,2016,joy,0.0,14.285714285714286,0.0,0.0,42.857142857142854,0.0,0.0,42.857142857142854
29,Too Good,Drake,2016,anticipation,0.0,30.0,0.0,0.0,30.0,0.0,10.0,30.0
30,Low Life,Future,2016,anger,28.571428571428573,7.142857142857143,14.285714285714286,14.285714285714286,7.142857142857143,14.285714285714286,7.142857142857143,7.142857142857143
31,What Do You Mean?,Justin Bieber,2016,anticipation,0.0,40.0,0.0,0.0,40.0,0.0,0.0,20.0
32,The Hills,The Weeknd,2016,trust,0.0,0.0,0.0,0.0,33.333333333333336,0.0,0.0,66.66666666666667
33,Just Like Fire,Pink,2016,fear,25.0,0.0,0.0,75.0,0.0,0.0,0.0,0.0
34,Broccoli,DRAM,2016,anger,25.0,0.0,25.0,0.0,25.0,0.0,0.0,25.0
35,Don't,Bryson Tiller,2016,joy,0.0,0.0,0.0,0.0,100.0,0.0,0.0,0.0
36,Dangerous Woman,Ariana Grande,2016,trust,0.0,11.11111111111111,0.0,22.22222222222222,22.22222222222222,11.11111111111111,0.0,33.333333333333336
37,Jumpman,Drake,2016,joy,0.0,0.0,0.0,20.0,40.0,0.0,0.0,40.0
38,I Hate U I Love U,Gnash,2016,anticipation,8.333333333333334,25.0,8.333333333333334,0.0,25.0,0.0,16.666666666666668,16.666666666666668
39,Here,Alessia Cara,2016,sadness,0.0,20.0,20.0,0.0,20.0,40.0,0.0,0.0
40,Same Old Love,Selena Gomez,2016,joy,0.0,12.5,12.5,0.0,37.5,12.5,0.0,25.0
41,Controlla,Drake,2016,disgust,11.11111111111111,11.11111111111111,22.22222222222222,0.0,11.11111111111111,11.11111111111111,11.11111111111111,22.22222222222222
42,Like I'm Gonna Lose You,Meghan Trainor,2016,anticipation,12.5,25.0,0.0,12.5,12.5,25.0,0.0,12.5
43,One Call Away,Charlie Puth,2016,joy,0.0,9.090909090909092,0.0,0.0,36.36363636363637,0.0,27.272727272727273,27.272727272727273
44,Let It Go,James Bay,2016,fear,20.0,20.0,0.0,40.0,0.0,20.0,0.0,0.0
45,No,Meghan Trainor,2016,disgust,0.0,0.0,50.0,0.0,25.0,0.0,0.0,25.0
46,Never Forget You,Zara Larsson,2016,anticipation,12.5,25.0,0.0,25.0,12.5,12.5,0.0,12.5
47,Let Me Love You,DJ Snake,2016,joy,5.882352941176471,17.647058823529413,5.882352941176471,5.882352941176471,23.529411764705884,5.882352941176471,17.647058823529413,17.647058823529413
48,Don't Mind,Kent Jones,2016,anticipation,0.0,37.5,0.0,0.0,12.5,0.0,12.5,37.5
49,H.O.L.Y.,Florida Georgia Line,2016,joy,5.2631578947368425,21.05263157894737,0.0,5.2631578947368425,31.57894736842105,5.2631578947368425,10.526315789473685,21.05263157894737
50,We Don't Talk Anymore,Charlie Puth,2016,joy,0.0,16.666666666666668,8.333333333333334,16.666666666666668,25.0,8.333333333333334,8.333333333333334,16.666666666666668
51,Into You,Ariana Grande,2016,anticipation,0.0,25.0,25.0,0.0,25.0,0.0,0.0,25.0
52,Gold,Kiiara,2016,trust,8.333333333333334,16.666666666666668,0.0,8.333333333333334,16.666666666666668,0.0,16.666666666666668,33.333333333333336
53,Exchange,Bryson Tiller,2016,anticipation,12.5,25.0,0.0,12.5,12.5,0.0,12.5,25.0
54,679,Fetty Wap,2016,joy,0.0,0.0,0.0,0.0,100.0,0.0,0.0,0.0
55,Oui,Jeremih,2016,joy,0.0,33.333333333333336,0.0,0.0,50.0,0.0,16.666666666666668,0.0
56,Hands to Myself,Selena Gomez,2016,joy,0.0,20.0,0.0,0.0,40.0,0.0,20.0,20.0
57,2 Phones,Kevin Gates,2016,anger,20.0,20.0,0.0,0.0,20.0,0.0,20.0,20.0
58,Starboy,The Weeknd,2016,joy,14.285714285714286,14.285714285714286,0.0,14.285714285714286,28.571428571428573,0.0,14.285714285714286,14.285714285714286
59,For Free,DJ Khaled,2016,anticipation,0.0,30.0,20.0,0.0,20.0,0.0,10.0,20.0
60,Never Be Like You,Flume,2016,fear,15.384615384615385,0.0,7.6923076923076925,23.076923076923077,15.384615384615385,23.076923076923077,0.0,15.384615384615385
61,In the Night,The Weeknd,2016,anticipation,0.0,25.0,0.0,12.5,25.0,12.5,12.5,12.5
62,Me Too,Meghan Trainor,2016,joy,0.0,25.0,0.0,12.5,37.5,0.0,0.0,25.0
63,Ex's & Oh's,Elle King,2016,anger,0,0,0,0,0,0,0,0
64,Die a Happy Man,Thomas Rhett,2016,joy,8.333333333333334,8.333333333333334,0.0,16.666666666666668,25.0,25.0,0.0,16.666666666666668
65,White Iverson,Post Malone,2016,anticipation,13.636363636363637,18.181818181818183,4.545454545454546,9.090909090909092,18.181818181818183,9.090909090909092,13.636363636363637,13.636363636363637
66,Close,Nick Jonas,2016,fear,0.0,0.0,0.0,33.333333333333336,33.333333333333336,0.0,0.0,33.333333333333336
67,Unsteady,X Ambassadors,2016,anger,0,0,0,0,0,0,0,0
68,Sucker for Pain,Lil Wayne Wiz Khalifa,2016,fear,20.0,0.0,10.0,30.0,0.0,30.0,0.0,10.0
69,Down in the DM,Yo Gotti,2016,anger,50.0,0.0,50.0,0.0,0.0,0.0,0.0,0.0
70,Luv,Tory Lanez,2016,joy,20.0,10.0,10.0,10.0,30.0,10.0,0.0,10.0
71,Sorry,Beyoncé,2016,joy,7.142857142857143,14.285714285714286,14.285714285714286,7.142857142857143,21.428571428571427,7.142857142857143,14.285714285714286,14.285714285714286
72,Can't Feel My Face,The Weeknd,2016,joy,13.333333333333334,13.333333333333334,13.333333333333334,13.333333333333334,20.0,13.333333333333334,13.333333333333334,0.0
73,Hymn for the Weekend,Coldplay,2016,joy,0.0,28.571428571428573,0.0,0.0,42.857142857142854,0.0,14.285714285714286,14.285714285714286
74,Say It,Tory Lanez,2016,joy,7.142857142857143,14.285714285714286,7.142857142857143,7.142857142857143,35.714285714285715,7.142857142857143,7.142857142857143,14.285714285714286
75,Antidote,Travis Scott,2016,trust,14.285714285714286,14.285714285714286,14.285714285714286,14.285714285714286,0.0,14.285714285714286,0.0,28.571428571428573
76,Lost Boy,Ruth B,2016,joy,0.0,20.0,0.0,0.0,30.0,10.0,10.0,30.0
77,Side to Side,Ariana Grande,2016,anticipation,0.0,25.0,25.0,0.0,25.0,0.0,25.0,0.0
78,Sit Still Look Pretty,Daya,2016,anticipation,5.2631578947368425,26.31578947368421,5.2631578947368425,5.2631578947368425,26.31578947368421,5.2631578947368425,5.2631578947368425,21.05263157894737
79,Wildest Dreams,Taylor Swift,2016,anger,15.384615384615385,15.384615384615385,15.384615384615385,15.384615384615385,7.6923076923076925,15.384615384615385,7.6923076923076925,7.6923076923076925
80,Middle,DJ Snake,2016,anger,20.0,20.0,20.0,20.0,0.0,20.0,0.0,0.0
81,On My Mind,Ellie Goulding,2016,anger,25.0,8.333333333333334,25.0,16.666666666666668,8.333333333333334,8.333333333333334,0.0,8.333333333333334
82,Pop Style,Drake,2016,surprise,16.666666666666668,16.666666666666668,16.666666666666668,0.0,16.666666666666668,0.0,33.333333333333336,0.0
83,When We Were Young,Adele,2016,joy,0.0,16.666666666666668,0.0,16.666666666666668,25.0,8.333333333333334,16.666666666666668,16.666666666666668
84,Hide Away,Daya,2016,anticipation,5.0,25.0,0.0,0.0,25.0,5.0,15.0,25.0
85,Lean On,Major Lazer,2016,anticipation,10.0,30.0,0.0,10.0,20.0,0.0,20.0,10.0
86,I Know What You Did Last Summer,Shawn Mendes,2016,anticipation,16.666666666666668,33.333333333333336,16.666666666666668,0.0,16.666666666666668,0.0,0.0,16.666666666666668
87,All the Way Up,Fat Joe Remy Ma,2016,anger,27.272727272727273,9.090909090909092,9.090909090909092,18.181818181818183,9.090909090909092,9.090909090909092,9.090909090909092,9.090909090909092
88,Watch Me,Silentó,2016,anger,50.0,0.0,0.0,0.0,25.0,0.0,0.0,25.0
89,Back to Sleep,Chris Brown,2016,joy,0.0,20.0,0.0,0.0,40.0,20.0,0.0,20.0
90,No Limit,Usher,2016,anger,28.571428571428573,0.0,0.0,0.0,28.571428571428573,28.571428571428573,0.0,14.285714285714286
91,Cut It,O.T. Genasis,2016,joy,20.0,20.0,0.0,0.0,30.0,0.0,20.0,10.0
92,Really Really,Kevin Gates,2016,joy,15.789473684210526,10.526315789473685,10.526315789473685,10.526315789473685,21.05263157894737,15.789473684210526,5.2631578947368425,10.526315789473685
93,All In My Head (Flex),Fifth Harmony,2016,fear,0.0,0.0,0.0,33.333333333333336,33.333333333333336,33.333333333333336,0.0,0.0
94,Starving,Hailee Steinfeld,2016,anger,20.0,0.0,20.0,20.0,0.0,20.0,20.0,0.0
95,Adventure of a Lifetime,Coldplay,2016,anticipation,0.0,27.272727272727273,9.090909090909092,9.090909090909092,18.181818181818183,9.090909090909092,9.090909090909092,18.181818181818183
96,Humble and Kind,Tim McGraw,2016,joy,0.0,8.333333333333334,8.333333333333334,0.0,41.666666666666664,8.333333333333334,8.333333333333334,25.0
97,Wicked,Future,2016,fear,18.75,6.25,12.5,25.0,12.5,6.25,6.25,12.5
98,Tiimmy Turner,Desiigner,2016,anger,27.272727272727273,18.181818181818183,0.0,0.0,27.272727272727273,0.0,18.181818181818183,9.090909090909092
99,See You Again,Wiz Khalifa,2016,joy,0.0,25.0,0.0,0.0,33.333333333333336,0.0,16.666666666666668,25.0
100,Perfect,One Direction,2016,anticipation,0.0,27.272727272727273,0.0,0.0,27.272727272727273,9.090909090909092,9.090909090909092,27.272727272727273
1,Shape of You,Ed Sheeran,2017,joy,16.666666666666668,0.0,0.0,16.666666666666668,33.333333333333336,16.666666666666668,0.0,16.666666666666668
2,Despacito (Remix),Luis Fonsi,2017,anger,0,0,0,0,0,0,0,0
3,That's What I Like,Bruno Mars,2017,joy,0.0,9.090909090909092,0.0,9.090909090909092,36.36363636363637,0.0,27.272727272727273,18.181818181818183
4,Humble,Kendrick Lamar,2017,sadness,23.529411764705884,0.0,23.529411764705884,11.764705882352942,0.0,35.294117647058826,0.0,5.882352941176471
5,Something Just Like This,The Chainsmokers,2017,anger,0,0,0,0,0,0,0,0
6,Bad and Boujee,Migos,2017,anger,25.0,8.333333333333334,16.666666666666668,25.0,0.0,16.666666666666668,0.0,8.333333333333334
7,Closer,The Chainsmokers,2017,sadness,9.090909090909092,9.090909090909092,9.090909090909092,18.181818181818183,9.090909090909092,27.272727272727273,9.090909090909092,9.090909090909092
8,Body Like a Back Road,Sam Hunt,2017,anticipation,0.0,100.0,0.0,0.0,0.0,0.0,0.0,0.0
9,Believer,Imagine Dragons,2017,trust,16.666666666666668,0.0,0.0,16.666666666666668,16.666666666666668,16.666666666666668,0.0,33.333333333333336
10,Congratulations,Post Malone,2017,anticipation,10.0,30.0,10.0,0.0,30.0,0.0,10.0,10.0
11,Say You Won't Let Go,James Arthur,2017,joy,0.0,11.11111111111111,5.555555555555555,5.555555555555555,27.77777777777778,11.11111111111111,16.666666666666668,22.22222222222222
12,I'm the One,DJ Khaled,2017,joy,5.555555555555555,16.666666666666668,5.555555555555555,11.11111111111111,22.22222222222222,5.555555555555555,11.11111111111111,22.22222222222222
13,XO Tour Llif3,Lil Uzi Vert,2017,trust,8.333333333333334,16.666666666666668,0.0,16.666666666666668,16.666666666666668,8.333333333333334,8.333333333333334,25.0
14,Mask Off,Future,2017,anger,21.428571428571427,7.142857142857143,21.428571428571427,21.428571428571427,0.0,21.428571428571427,0.0,7.142857142857143
15,Unforgettable,French Montana,2017,anticipation,0.0,36.36363636363637,0.0,0.0,18.181818181818183,0.0,18.181818181818183,27.272727272727273
16,24K Magic,Bruno Mars,2017,fear,11.11111111111111,11.11111111111111,0.0,22.22222222222222,11.11111111111111,11.11111111111111,11.11111111111111,22.22222222222222
17,Stay,Zedd,2017,anticipation,0.0,33.333333333333336,0.0,6.666666666666667,20.0,0.0,26.666666666666668,13.333333333333334
18,Wild Thoughts,DJ Khaled,2017,surprise,0.0,0.0,0.0,0.0,0.0,0.0,100.0,0.0
19,Black Beatles,Rae Sremmurd,2017,trust,7.6923076923076925,15.384615384615385,0.0,15.384615384615385,15.384615384615385,15.384615384615385,7.6923076923076925,23.076923076923077
20,Starboy,The Weeknd,2017,joy,14.285714285714286,14.285714285714286,0.0,14.285714285714286,28.571428571428573,0.0,14.285714285714286,14.285714285714286
21,Location,Khalid,2017,anticipation,0.0,33.333333333333336,0.0,0.0,33.333333333333336,0.0,0.0,33.333333333333336
22,Attention,Charlie Puth,2017,anticipation,0.0,75.0,25.0,0.0,0.0,0.0,0.0,0.0
23,There's Nothing Holdin' Me Back,Shawn Mendes,2017,fear,12.5,0.0,0.0,37.5,25.0,25.0,0.0,0.0
24,Bodak Yellow,Cardi B,2017,anger,20.0,12.0,12.0,12.0,12.0,12.0,8.0,12.0
25,Redbone,Childish Gambino,2017,anger,28.571428571428573,14.285714285714286,28.571428571428573,0.0,14.285714285714286,14.285714285714286,0.0,0.0
26,I Don't Wanna Live Forever,Zayn,2017,joy,20.0,0.0,0.0,20.0,40.0,20.0,0.0,0.0
27,It Ain't Me,Kygo,2017,anticipation,0.0,16.666666666666668,0.0,16.666666666666668,16.666666666666668,16.666666666666668,16.666666666666668,16.666666666666668
28,iSpy,Kyle,2017,anticipation,0.0,100.0,0.0,0.0,0.0,0.0,0.0,0.0
29,Issues,Julia Michaels,2017,joy,18.181818181818183,9.090909090909092,18.181818181818183,9.090909090909092,22.727272727272727,9.090909090909092,0.0,13.636363636363637
30,Scars to Your Beautiful,Alessia Cara,2017,joy,0.0,12.5,0.0,12.5,25.0,25.0,12.5,12.5
31,1-800-273-8255,Logic,2017,anticipation,0.0,36.36363636363637,0.0,0.0,27.272727272727273,0.0,9.090909090909092,27.272727272727273
32,Slow Hands,Niall Horan,2017,disgust,9.090909090909092,9.090909090909092,18.181818181818183,18.181818181818183,18.181818181818183,9.090909090909092,9.090909090909092,9.090909090909092
33,Love on the Brain,Rihanna,2017,joy,0.0,16.666666666666668,0.0,8.333333333333334,33.333333333333336,16.666666666666668,8.333333333333334,16.666666666666668
34,I Feel It Coming,The Weeknd,2017,joy,10.0,20.0,10.0,10.0,30.0,10.0,0.0,10.0
35,Bounce Back,Big Sean,2017,anger,25.0,0.0,12.5,25.0,0.0,12.5,0.0,25.0
36,Strip That Down,Liam Payne,2017,joy,9.090909090909092,0.0,9.090909090909092,9.090909090909092,27.272727272727273,27.272727272727273,0.0,18.181818181818183
37,Fake Love,Drake,2017,joy,16.666666666666668,0.0,16.666666666666668,0.0,33.333333333333336,0.0,0.0,33.333333333333336
38,Don't Wanna Know,Maroon 5,2017,joy,10.0,20.0,20.0,0.0,30.0,0.0,10.0,10.0
39,Look What You Made Me Do,Taylor Swift,2017,anger,28.571428571428573,14.285714285714286,14.285714285714286,28.571428571428573,0.0,14.285714285714286,0.0,0.0
40,Castle on the Hill,Ed Sheeran,2017,trust,0.0,25.0,0.0,0.0,0.0,0.0,0.0,75.0
41,Bad Things,Machine Gun Kelly,2017,anticipation,8.333333333333334,16.666666666666668,8.333333333333334,8.333333333333334,16.666666666666668,8.333333333333334,16.666666666666668,16.666666666666668
42,Paris,The Chainsmokers,2017,anticipation,0.0,25.0,0.0,12.5,25.0,12.5,12.5,12.5
43,Side to Side,Ariana Grande,2017,anticipation,0.0,25.0,25.0,0.0,25.0,0.0,25.0,0.0
44,Rockabye,Clean Bandit,2017,joy,0.0,12.5,0.0,0.0,62.5,0.0,0.0,25.0
45,Feel It Still,Portugal. The Man,2017,fear,7.6923076923076925,7.6923076923076925,0.0,38.46153846153846,15.384615384615385,23.076923076923077,0.0,7.6923076923076925
46,Let Me Love You,DJ Snake,2017,joy,5.882352941176471,17.647058823529413,5.882352941176471,5.882352941176471,23.529411764705884,5.882352941176471,17.647058823529413,17.647058823529413
47,Sorry Not Sorry,Demi Lovato,2017,fear,21.73913043478261,8.695652173913043,8.695652173913043,26.08695652173913,8.695652173913043,13.043478260869565,8.695652173913043,4.3478260869565215
48,Bank Account,21 Savage,2017,anger,21.05263157894737,10.526315789473685,15.789473684210526,15.789473684210526,5.2631578947368425,10.526315789473685,5.2631578947368425,15.789473684210526
49,Can't Stop the Feeling!,Justin Timberlake,2017,joy,10.714285714285714,10.714285714285714,7.142857142857143,7.142857142857143,25.0,7.142857142857143,10.714285714285714,21.428571428571427
50,Mi Gente,J Balvin,2017,anger,0,0,0,0,0,0,0,0
51,Thunder,Imagine Dragons,2017,trust,20.0,0.0,0.0,20.0,0.0,0.0,20.0,40.0
52,T-Shirt,Migos,2017,anticipation,8.333333333333334,33.333333333333336,0.0,0.0,25.0,0.0,25.0,8.333333333333334
53,Rake It Up,Yo Gotti,2017,anger,18.181818181818183,9.090909090909092,9.090909090909092,9.090909090909092,18.181818181818183,9.090909090909092,9.090909090909092,18.181818181818183
54,Mercy,Shawn Mendes,2017,joy,7.6923076923076925,15.384615384615385,7.6923076923076925,7.6923076923076925,23.076923076923077,7.6923076923076925,7.6923076923076925,23.076923076923077
55,Tunnel Vision,Kodak Black,2017,joy,10.0,10.0,20.0,10.0,30.0,0.0,10.0,10.0
56,Rockstar,Post Malone,2017,fear,0.0,0.0,0.0,50.0,0.0,0.0,0.0,50.0
57,In Case You Didn't Know,Brett Young,2017,fear,14.285714285714286,14.285714285714286,0.0,28.571428571428573,14.285714285714286,28.571428571428573,0.0,0.0
58,Heathens,Twenty One Pilots,2017,anger,14.285714285714286,14.285714285714286,14.285714285714286,14.285714285714286,0.0,14.285714285714286,14.285714285714286,14.285714285714286
59,Now or Never,Halsey,2017,joy,0.0,33.333333333333336,0.0,0.0,66.66666666666667,0.0,0.0,0.0
60,Caroline,Aminé,2017,anger,23.529411764705884,0.0,17.647058823529413,23.529411764705884,11.764705882352942,17.647058823529413,0.0,5.882352941176471
61,Rolex,Ayo,2017,anger,0,0,0,0,0,0,0,0
62,DNA,Kendrick Lamar,2017,trust,11.764705882352942,17.647058823529413,5.882352941176471,5.882352941176471,23.529411764705884,0.0,5.882352941176471,29.41176470588235
63,Juju on That Beat (TZ Anthem),Zay Hilfigerrr,2017,joy,0.0,0.0,20.0,0.0,40.0,0.0,0.0,40.0
64,Swang,Rae Sremmurd,2017,anticipation,10.0,20.0,0.0,10.0,20.0,10.0,20.0,10.0
65,Passionfruit,Drake,2017,trust,16.666666666666668,16.666666666666668,16.666666666666668,0.0,16.666666666666668,0.0,0.0,33.333333333333336
66,Loyalty,Kendrick Lamar,2017,trust,6.25,6.25,12.5,12.5,12.5,12.5,12.5,25.0
67,Praying,Kesha,2017,trust,6.25,18.75,6.25,12.5,18.75,6.25,0.0,31.25
68,Goosebumps,Travis Scott,2017,anticipation,0.0,25.0,0.0,0.0,25.0,25.0,0.0,25.0
69,Cold,Maroon 5,2017,anticipation,0.0,100.0,0.0,0.0,0.0,0.0,0.0,0.0
70,Broccoli,DRAM,2017,anger,25.0,0.0,25.0,0.0,25.0,0.0,0.0,25.0
71,Slide,Calvin Harris,2017,anger,25.0,0.0,25.0,0.0,0.0,25.0,0.0,25.0
72,What Ifs,Kane Brown,2017,anticipation,0.0,25.0,0.0,0.0,25.0,0.0,25.0,25.0
73,Chained to the Rhythm,Katy Perry,2017,trust,0.0,0.0,0.0,0.0,25.0,0.0,25.0,50.0
74,Feels,Calvin Harris,2017,anticipation,0.0,28.571428571428573,0.0,14.285714285714286,28.571428571428573,0.0,14.285714285714286,14.285714285714286
75,All Time Low,Jon Bellion,2017,anger,15.384615384615385,15.384615384615385,15.384615384615385,15.384615384615385,15.384615384615385,7.6923076923076925,0.0,15.384615384615385
76,Hurricane,Luke Combs,2017,fear,12.5,12.5,0.0,25.0,12.5,0.0,25.0,12.5
77,Too Good at Goodbyes,Sam Smith,2017,joy,0.0,15.384615384615385,7.6923076923076925,7.6923076923076925,23.076923076923077,15.384615384615385,15.384615384615385,15.384615384615385
78,Young Dumb & Broke,Khalid,2017,joy,5.882352941176471,29.41176470588235,5.882352941176471,5.882352941176471,35.294117647058826,5.882352941176471,11.764705882352942,0.0
79,Magnolia,Playboi Carti,2017,anger,22.22222222222222,16.666666666666668,5.555555555555555,11.11111111111111,16.666666666666668,11.11111111111111,11.11111111111111,5.555555555555555
80,Love Galore,SZA,2017,joy,7.6923076923076925,7.6923076923076925,7.6923076923076925,15.384615384615385,38.46153846153846,15.384615384615385,7.6923076923076925,0.0
81,Drowning,A Boogie wit da Hoodie,2017,anger,20.0,20.0,20.0,20.0,0.0,20.0,0.0,0.0
82,Starving,Hailee Steinfeld,2017,anger,20.0,0.0,20.0,20.0,0.0,20.0,20.0,0.0
83,Both,Gucci Mane,2017,anger,0,0,0,0,0,0,0,0
84,What About Us,Pink,2017,anticipation,7.142857142857143,21.428571428571427,7.142857142857143,7.142857142857143,21.428571428571427,14.285714285714286,7.142857142857143,14.285714285714286
85,Swalla,Jason Derulo,2017,anger,12.5,12.5,12.5,12.5,12.5,12.5,12.5,12.5
86,Slippery,Migos,2017,sadness,11.11111111111111,11.11111111111111,11.11111111111111,11.11111111111111,11.11111111111111,22.22222222222222,22.22222222222222,0.0
87,Sign of the Times,Harry Styles,2017,joy,0.0,16.666666666666668,0.0,0.0,33.333333333333336,16.666666666666668,16.666666666666668,16.666666666666668
88,Water Under the Bridge,Adele,2017,fear,16.666666666666668,16.666666666666668,0.0,33.333333333333336,16.666666666666668,16.666666666666668,0.0,0.0
89,Malibu,Miley Cyrus,2017,joy,12.5,12.5,0.0,0.0,25.0,12.5,12.5,25.0
90,Down,Marian Hill,2017,joy,0.0,16.666666666666668,0.0,0.0,33.333333333333336,16.666666666666668,0.0,33.333333333333336
91,No Promises,Cheat Codes,2017,joy,0.0,0.0,0.0,0.0,66.66666666666667,33.333333333333336,0.0,0.0
92,Treat You Better,Shawn Mendes,2017,joy,0.0,14.285714285714286,0.0,0.0,42.857142857142854,0.0,0.0,42.857142857142854
93,I Get the Bag,Gucci Mane,2017,trust,16.666666666666668,16.666666666666668,8.333333333333334,16.666666666666668,8.333333333333334,8.333333333333334,0.0,25.0
94,Small Town Boy,Dustin Lynch,2017,disgust,20.0,0.0,30.0,10.0,20.0,10.0,0.0,10.0
95,Everyday We Lit,YFN Lucci,2017,disgust,20.0,0.0,40.0,20.0,0.0,20.0,0.0,0.0
96,Havana,Camila Cabello,2017,anger,0,0,0,0,0,0,0,0
97,What Lovers Do,Maroon 5,2017,joy,0.0,11.11111111111111,11.11111111111111,0.0,44.44444444444444,0.0,22.22222222222222,11.11111111111111
98,Do Re Mi,Blackbear,2017,trust,9.090909090909092,9.090909090909092,9.090909090909092,18.181818181818183,9.090909090909092,9.090909090909092,9.090909090909092,27.272727272727273
99,Look at Me!,XXXTentacion,2017,anger,33.333333333333336,0.0,33.333333333333336,16.666666666666668,0.0,16.666666666666668,0.0,0.0
100,The Fighter,Keith Urban,2017,joy,0.0,15.384615384615385,0.0,15.384615384615385,46.15384615384615,7.6923076923076925,7.6923076923076925,7.6923076923076925
1,God's Plan,Drake,2018,anticipation,7.142857142857143,28.571428571428573,7.142857142857143,14.285714285714286,14.285714285714286,7.142857142857143,7.142857142857143,14.285714285714286
2,Perfect,Ed Sheeran,2018,joy,0.0,20.0,0.0,0.0,40.0,6.666666666666667,6.666666666666667,26.666666666666668
3,Meant to Be,Bebe Rexha,2018,anticipation,14.285714285714286,28.571428571428573,14.285714285714286,0.0,28.571428571428573,0.0,0.0,14.285714285714286
4,Havana,Camila Cabello,2018,anger,0,0,0,0,0,0,0,0
5,Rockstar,Post Malone,2018,fear,0.0,0.0,0.0,50.0,0.0,0.0,0.0,50.0
6,Psycho,Post Malone,2018,disgust,20.0,0.0,30.0,10.0,10.0,10.0,0.0,20.0
7,I Like It,Cardi B Bad Bunny,2018,anger,14.285714285714286,14.285714285714286,14.285714285714286,14.285714285714286,14.285714285714286,14.285714285714286,0.0,14.285714285714286
8,The Middle,Zedd Maren Morris,2018,joy,12.5,12.5,12.5,12.5,25.0,0.0,12.5,12.5
9,In My Feelings,Drake,2018,trust,13.333333333333334,6.666666666666667,13.333333333333334,6.666666666666667,20.0,13.333333333333334,0.0,26.666666666666668
10,Girls Like You,Maroon 5,2018,anticipation,11.11111111111111,22.22222222222222,11.11111111111111,0.0,22.22222222222222,11.11111111111111,11.11111111111111,11.11111111111111
11,Nice for What,Drake,2018,joy,0.0,0.0,0.0,0.0,50.0,0.0,0.0,50.0
12,Lucid Dreams,Juice Wrld,2018,anger,28.571428571428573,0.0,28.571428571428573,14.285714285714286,14.285714285714286,14.285714285714286,0.0,0.0
13,Better Now,Post Malone,2018,anger,50.0,0.0,50.0,0.0,0.0,0.0,0.0,0.0
14,Finesse (Remix),Bruno Mars,2018,joy,13.333333333333334,13.333333333333334,6.666666666666667,6.666666666666667,26.666666666666668,0.0,13.333333333333334,20.0
15,Boo'd Up,Ella Mai,2018,joy,11.11111111111111,11.11111111111111,0.0,11.11111111111111,44.44444444444444,11.11111111111111,0.0,11.11111111111111
16,New Rules,Dua Lipa,2018,joy,11.11111111111111,11.11111111111111,0.0,11.11111111111111,33.333333333333336,11.11111111111111,0.0,22.22222222222222
17,Sad!,XXXTentacion,2018,fear,18.75,6.25,18.75,31.25,6.25,18.75,0.0,0.0
18,Never Be the Same,Camila Cabello,2018,anger,37.5,0.0,25.0,25.0,0.0,12.5,0.0,0.0
19,Love Lies,Khalid,2018,disgust,16.666666666666668,0.0,33.333333333333336,16.666666666666668,33.333333333333336,0.0,0.0,0.0
20,No Tears Left to Cry,Ariana Grande,2018,anger,16.666666666666668,16.666666666666668,16.666666666666668,16.666666666666668,0.0,16.666666666666668,16.666666666666668,0.0
21,Mine,Bazzi,2018,anticipation,0.0,31.25,6.25,12.5,25.0,0.0,0.0,25.0
22,Thunder,Imagine Dragons,2018,trust,20.0,0.0,0.0,20.0,0.0,0.0,20.0,40.0
23,Look Alive,BlocBoy JB,2018,anger,18.181818181818183,18.181818181818183,9.090909090909092,18.181818181818183,18.181818181818183,0.0,0.0,18.181818181818183
24,Delicate,Taylor Swift,2018,sadness,0.0,0.0,0.0,33.333333333333336,0.0,66.66666666666667,0.0,0.0
25,Yes Indeed,Lil Baby,2018,anger,40.0,0.0,20.0,20.0,0.0,20.0,0.0,0.0
26,Friends,Marshmello,2018,anger,23.529411764705884,5.882352941176471,11.764705882352942,23.529411764705884,5.882352941176471,11.764705882352942,0.0,17.647058823529413
27,Bad at Love,Halsey,2018,fear,13.636363636363637,13.636363636363637,13.636363636363637,18.181818181818183,13.636363636363637,18.181818181818183,4.545454545454546,4.545454545454546
28,Taste,Tyga,2018,sadness,14.285714285714286,0.0,14.285714285714286,14.285714285714286,14.285714285714286,28.571428571428573,0.0,14.285714285714286
29,Let You Down,NF,2018,trust,0.0,20.0,0.0,20.0,20.0,0.0,10.0,30.0
30,No Limit,G-Eazy,2018,anger,17.391304347826086,17.391304347826086,8.695652173913043,4.3478260869565215,17.391304347826086,8.695652173913043,8.695652173913043,17.391304347826086
31,Fefe,6ix9ine,2018,anger,0,0,0,0,0,0,0,0
32,Tequila,Dan + Shay,2018,anger,20.0,0.0,20.0,20.0,20.0,20.0,0.0,0.0
33,Feel It Still,Portugal. The Man,2018,fear,7.6923076923076925,7.6923076923076925,0.0,38.46153846153846,15.384615384615385,23.076923076923077,0.0,7.6923076923076925
34,MotorSport,Migos Nicki Minaj,2018,anger,25.0,12.5,12.5,25.0,0.0,12.5,12.5,0.0
35,I Like Me Better,Lauv,2018,anticipation,9.090909090909092,27.272727272727273,9.090909090909092,0.0,27.272727272727273,0.0,18.181818181818183,9.090909090909092
36,Youngblood,5 Seconds of Summer,2018,anticipation,14.285714285714286,28.571428571428573,0.0,14.285714285714286,28.571428571428573,0.0,0.0,14.285714285714286
37,Whatever It Takes,Imagine Dragons,2018,anticipation,16.666666666666668,33.333333333333336,0.0,16.666666666666668,0.0,0.0,16.666666666666668,16.666666666666668
38,Ric Flair Drip,Offset,2018,disgust,14.285714285714286,0.0,28.571428571428573,14.285714285714286,14.285714285714286,14.285714285714286,0.0,14.285714285714286
39,I Fall Apart,Post Malone,2018,disgust,16.666666666666668,0.0,33.333333333333336,16.666666666666668,0.0,0.0,16.666666666666668,16.666666666666668
40,Pray for Me,The Weeknd,2018,anticipation,7.142857142857143,21.428571428571427,7.142857142857143,14.285714285714286,14.285714285714286,14.285714285714286,7.142857142857143,14.285714285714286
41,Back to You,Selena Gomez,2018,anger,14.285714285714286,14.285714285714286,0.0,14.285714285714286,14.285714285714286,14.285714285714286,14.285714285714286,14.285714285714286
42,Sicko Mode,Travis Scott,2018,anger,60.0,0.0,40.0,0.0,0.0,0.0,0.0,0.0
43,Walk It Talk It,Migos,2018,anger,20.0,20.0,10.0,10.0,20.0,0.0,0.0,20.0
44,Gucci Gang,Lil Pump,2018,sadness,22.22222222222222,0.0,22.22222222222222,22.22222222222222,0.0,33.333333333333336,0.0,0.0
45,Him & I,G-Eazy,2018,anger,19.23076923076923,3.8461538461538463,11.538461538461538,19.23076923076923,15.384615384615385,15.384615384615385,3.8461538461538463,11.538461538461538
46,In My Blood,Shawn Mendes,2018,fear,16.666666666666668,16.666666666666668,0.0,33.333333333333336,0.0,33.333333333333336,0.0,0.0
47,All the Stars,Kendrick Lamar,2018,joy,11.764705882352942,11.764705882352942,11.764705882352942,11.764705882352942,17.647058823529413,11.764705882352942,11.764705882352942,11.764705882352942
48,Stir Fry,Migos,2018,trust,25.0,0.0,0.0,0.0,25.0,0.0,0.0,50.0
49,Too Good at Goodbyes,Sam Smith,2018,joy,0.0,15.384615384615385,7.6923076923076925,7.6923076923076925,23.076923076923077,15.384615384615385,15.384615384615385,15.384615384615385
50,Love,Kendrick Lamar,2018,anticipation,13.333333333333334,16.666666666666668,6.666666666666667,3.3333333333333335,16.666666666666668,10.0,16.666666666666668,16.666666666666668
51,This Is America,Childish Gambino,2018,joy,14.285714285714286,14.285714285714286,0.0,0.0,21.428571428571427,14.285714285714286,14.285714285714286,21.428571428571427
52,Nonstop,Drake,2018,fear,12.5,12.5,0.0,25.0,0.0,12.5,12.5,25.0
53,Heaven,Kane Brown,2018,joy,0.0,25.0,0.0,0.0,33.333333333333336,0.0,16.666666666666668,25.0
54,Bodak Yellow,Cardi B,2018,anger,20.0,12.0,12.0,12.0,12.0,12.0,8.0,12.0
55,Freaky Friday,Lil Dicky,2018,anger,25.0,12.5,25.0,12.5,0.0,25.0,0.0,0.0
56,Gummo,6ix9ine,2018,anger,31.25,6.25,18.75,12.5,12.5,6.25,6.25,6.25
57,Plug Walk,Rich the Kid,2018,disgust,16.666666666666668,0.0,33.333333333333336,33.333333333333336,0.0,16.666666666666668,0.0,0.0
58,Wait,Maroon 5,2018,joy,7.6923076923076925,15.384615384615385,15.384615384615385,7.6923076923076925,30.76923076923077,15.384615384615385,0.0,7.6923076923076925
59,Be Careful,Cardi B,2018,anger,25.0,0.0,25.0,25.0,0.0,25.0,0.0,0.0
60,Wolves,Selena Gomez,2018,fear,15.384615384615385,7.6923076923076925,7.6923076923076925,23.076923076923077,15.384615384615385,15.384615384615385,7.6923076923076925,7.6923076923076925
61,Bartier Cardi,Cardi B,2018,anger,28.571428571428573,14.285714285714286,14.285714285714286,28.571428571428573,0.0,14.285714285714286,0.0,0.0
62,God Is a Woman,Ariana Grande,2018,anticipation,0.0,25.0,12.5,25.0,25.0,0.0,0.0,12.5
63,Big Bank,YG,2018,trust,13.636363636363637,9.090909090909092,9.090909090909092,13.636363636363637,13.636363636363637,4.545454545454546,4.545454545454546,31.818181818181817
64,Sorry Not Sorry,Demi Lovato,2018,fear,21.73913043478261,8.695652173913043,8.695652173913043,26.08695652173913,8.695652173913043,13.043478260869565,8.695652173913043,4.3478260869565215
65,How Long,Charlie Puth,2018,trust,0.0,0.0,0.0,25.0,25.0,0.0,0.0,50.0
66,Lights Down Low,Max,2018,anger,33.333333333333336,16.666666666666668,0.0,33.333333333333336,16.666666666666668,0.0,0.0,0.0
67,Young Dumb & Broke,Khalid,2018,joy,5.882352941176471,29.41176470588235,5.882352941176471,5.882352941176471,35.294117647058826,5.882352941176471,11.764705882352942,0.0
68,One Kiss,Calvin Harris,2018,anticipation,6.25,25.0,6.25,6.25,25.0,6.25,12.5,12.5
69,Natural,Imagine Dragons,2018,fear,12.5,12.5,0.0,25.0,0.0,25.0,12.5,12.5
70,You Make It Easy,Jason Aldean,2018,joy,10.0,20.0,0.0,10.0,30.0,10.0,0.0,20.0
71,Shape of You,Ed Sheeran,2018,joy,16.666666666666668,0.0,0.0,16.666666666666668,33.333333333333336,16.666666666666668,0.0,16.666666666666668
72,I Get the Bag,Gucci Mane,2018,trust,16.666666666666668,16.666666666666668,8.333333333333334,16.666666666666668,8.333333333333334,8.333333333333334,0.0,25.0
73,No Brainer,DJ Khaled,2018,trust,0.0,28.571428571428573,0.0,0.0,14.285714285714286,0.0,14.285714285714286,42.857142857142854
74,Plain Jane,ASAP Ferg,2018,fear,22.22222222222222,22.22222222222222,11.11111111111111,33.333333333333336,0.0,11.11111111111111,0.0,0.0
75,Sky Walker,Miguel,2018,anger,15.384615384615385,15.384615384615385,7.6923076923076925,7.6923076923076925,15.384615384615385,7.6923076923076925,15.384615384615385,15.384615384615385
76,Marry Me,Thomas Rhett,2018,anticipation,9.090909090909092,18.181818181818183,0.0,0.0,18.181818181818183,18.181818181818183,18.181818181818183,18.181818181818183
77,Eastside,Benny Blanco Halsey,2018,joy,0.0,20.0,0.0,0.0,40.0,10.0,20.0,10.0
78,Call Out My Name,The Weeknd,2018,anticipation,7.6923076923076925,23.076923076923077,0.0,7.6923076923076925,23.076923076923077,15.384615384615385,0.0,23.076923076923077
79,King's Dead,Jay Rock Kendrick Lamar Future,2018,anger,18.75,6.25,12.5,18.75,6.25,18.75,12.5,6.25
80,Happier,Marshmello,2018,anger,16.666666666666668,16.666666666666668,0.0,16.666666666666668,16.666666666666668,0.0,16.666666666666668,16.666666666666668
81,Te Boté,Nio García Darell,2018,anger,0,0,0,0,0,0,0,0
82,Simple,Florida Georgia Line,2018,joy,14.285714285714286,14.285714285714286,0.0,0.0,42.857142857142854,0.0,0.0,28.571428571428573
83,Lemon,N.E.R.D,2018,anticipation,12.5,25.0,12.5,12.5,0.0,12.5,12.5,12.5
84,1-800-273-8255,Logic,2018,anticipation,0.0,36.36363636363637,0.0,0.0,27.272727272727273,0.0,9.090909090909092,27.272727272727273
85,Say Something,Justin Timberlake,2018,joy,0.0,0.0,0.0,0.0,50.0,0.0,0.0,50.0
86,I'm Upset,Drake,2018,anger,50.0,0.0,12.5,0.0,12.5,25.0,0.0,0.0
87,Get Along,Kenny Chesney,2018,joy,0.0,25.0,0.0,0.0,50.0,0.0,0.0,25.0
88,Moonlight,XXXTentacion,2018,anticipation,10.0,20.0,10.0,10.0,10.0,10.0,10.0,20.0
89,What Lovers Do,Maroon 5,2018,joy,0.0,11.11111111111111,11.11111111111111,0.0,44.44444444444444,0.0,22.22222222222222,11.11111111111111
90,X,Nicky Jam,2018,anger,20.0,0.0,20.0,20.0,20.0,20.0,0.0,0.0
91,Outside Today,YoungBoy Never Broke Again,2018,fear,14.285714285714286,7.142857142857143,14.285714285714286,21.428571428571427,7.142857142857143,14.285714285714286,7.142857142857143,14.285714285714286
92,Trip,Ella Mai,2018,joy,7.142857142857143,7.142857142857143,7.142857142857143,14.285714285714286,21.428571428571427,14.285714285714286,14.285714285714286,14.285714285714286
93,Dura,Daddy Yankee,2018,anger,0,0,0,0,0,0,0,0
94,Changes,XXXTentacion,2018,anger,33.333333333333336,0.0,33.333333333333336,0.0,0.0,33.333333333333336,0.0,0.0
95,Mercy,Brett Young,2018,anger,16.666666666666668,8.333333333333334,8.333333333333334,16.666666666666668,8.333333333333334,16.666666666666668,16.666666666666668,8.333333333333334
96,One Number Away,Luke Combs,2018,joy,0.0,16.666666666666668,16.666666666666668,0.0,33.333333333333336,0.0,16.666666666666668,16.666666666666668
97,Powerglide,Rae Sremmurd,2018,anger,20.0,0.0,20.0,20.0,10.0,20.0,0.0,10.0
98,IDGAF,Dua Lipa,2018,anger,16.666666666666668,16.666666666666668,8.333333333333334,8.333333333333334,16.666666666666668,16.666666666666668,8.333333333333334,8.333333333333334
99,Mi Gente,J Balvin,2018,anger,0,0,0,0,0,0,0,0
100,Believer,Imagine Dragons,2018,trust,16.666666666666668,0.0,0.0,16.666666666666668,16.666666666666668,16.666666666666668,0.0,33.333333333333336
