Year,anger,anticipation,disgust,fear,joy,sadness,surprise,trust,neutral
1965,6.38232061596399,14.843363530500556,5.217522004613658,4.775092786322369,24.929022044199,6.619364095271536,6.856569433792664,12.004005666142685,18.37273982319354
1966,5.457200302561127,16.10862219109642,4.544679261174105,6.186980259145208,20.76686915604441,8.942761133482783,8.292709581369374,15.342195032916681,14.357983082209888
1967,3.8088187425601814,15.22962001583354,4.260861088541922,5.825826645790992,25.70348428261928,6.711738284822063,6.994197145243208,14.880607768425573,16.584846026163216
1968,5.713323208071106,12.805706310776756,5.83234960650927,7.1325528046716515,21.965558164482463,6.99997661402223,6.767646703247261,14.544120940697983,18.238765647521255
1969,5.695368187539781,12.939303106596439,5.473019335822599,6.757119903316265,24.824527991437627,6.511380051156254,8.126337182071675,14.48236620943226,15.190578032627094
1970,6.449924722904262,14.780334759017618,5.10996447783532,7.77911475566207,22.756144341591913,8.992032321188331,6.48441926218141,13.55330589629183,14.094759463327232
1971,6.004796061484224,15.255575076490853,5.491631335330475,7.210880762400807,21.42197975419135,7.846178628075536,7.260363852654709,14.361181398533988,15.147413130838038
1972,6.336086469358528,13.677459943665438,5.260935364336099,8.301550432210263,21.357023810705115,9.266266969077533,5.6534273877782,16.038301846036948,14.108947776831867
1973,4.741534985814183,17.4544942666309,3.885294021229881,8.039579281353129,19.79543477584511,7.402195261159463,7.867973815308008,15.14145947470448,15.67203411795484
1974,4.944494487484862,14.5221925414344,3.964170822200615,7.485008269941465,24.64231015614796,6.595178972462856,7.265533149010916,15.789124644100285,14.79198695721661
1975,4.824906081342864,15.220283247112398,3.7706457655358263,6.187954819249443,24.767428284795756,6.974118713156434,8.08499680316828,14.316707519422815,15.852958766216174
1976,5.392290801772035,16.985516026127982,4.6309564437203665,5.999914850117732,22.925381911734494,6.575946687591218,7.86764143433916,12.358150883387387,17.264200961209614
1977,5.8369952325220265,13.73414215359892,4.74186857493327,6.493542293708262,23.2412913688647,9.445306979538252,7.544365648040923,13.88145703891291,15.081030709880725
1978,5.699011964128062,13.94775671181244,4.169282118809983,6.9770512451085205,23.21435683425621,9.58281466469547,8.349373357121033,14.439910245413344,13.620442858654936
1979,6.823820052496524,15.683787372757957,4.4057343799990845,6.635342108871521,23.993422753716864,7.966721024073965,6.560944284473695,13.351673408291052,14.578554615319314
1980,6.297951489514958,15.10561149806506,3.5909826843263377,7.39098370240011,22.661642408159434,8.500864159919887,5.981373240622466,14.00923679433741,16.461354022654334
1981,7.81454046382745,16.35551514796754,4.756332002321306,8.20762702670011,20.818174317681777,8.254272443807105,7.186450920384681,13.054373990320139,13.552713686989886
1982,6.827878863482575,15.626464925414169,3.9584634856236325,8.78959441770212,22.707705629649528,9.102113547535257,7.554126091981422,12.994400684498254,12.439252354113032
1983,7.604672632583322,16.521309115009267,3.3026606272220316,7.200220182676321,21.719345321817407,5.685469501258975,7.753761758945171,15.890127357431982,14.322433503055512
1984,5.9459708003999125,15.897138168552443,4.229101011499325,9.30192236798941,19.707831555832517,8.94666636386637,8.326184356193961,13.696612501794254,13.9485728738718
1985,6.161437678285045,14.746002636595195,3.455053982252878,9.009081393168934,22.392025481463065,7.850756699271117,7.953856280277715,14.505101354085882,13.926684494600154
1986,7.312994290785715,14.855579092838479,3.9124625727617377,10.908623601275709,20.08960598486779,8.921863139515247,6.38923222591112,12.407785642327635,15.201853449716554
1987,6.664929532982495,14.78969319806565,3.1947491770742946,8.485297622844406,21.555685468166917,7.334772290454118,6.684830824172953,16.28282346617118,15.007218420067964
1988,6.285082195739079,15.818344197443672,4.635189852735618,8.013713617699015,22.92312952229765,6.7529915954209265,9.127831742984185,14.15703199514076,12.2866852805391
1989,5.58342946735804,16.806343458129167,3.892759026687598,5.850290582433439,27.570217480931763,5.155097878312164,8.170827188684331,16.224712787212784,10.746322130250698
1990,7.475781872066703,16.813145304128273,4.906204128688648,8.580682673020133,21.968252898632144,8.237135735781244,6.093260270001754,13.202800093783067,12.722737023898008
1991,6.4522430884575845,15.667414035352188,3.1289384562133242,7.4017447978428565,24.81456561079996,6.485202026888322,6.130406020110221,16.059218341073233,13.860267623262308
1992,5.334035013833775,14.684982247714444,5.329342076052601,8.065191254394037,23.736961713896697,9.01881736684368,6.047427525175202,15.203902538809661,12.579340263279894
1993,8.027918311496796,16.012664361615244,4.150412615324895,7.975215181214805,21.618056407681014,6.689339189354486,7.075521025194091,15.935540510965643,12.51533239715302
1994,6.4513359217845005,12.485890226082374,4.787080910145925,8.818708428654247,24.28934741822244,7.74994149297555,5.239635168341924,14.311315166452125,15.866745267340908
1995,8.661442748222598,13.984744408983877,6.116087737736006,8.677512321064613,22.363627290807933,8.455520119080152,6.095561885467995,12.271229535671253,13.37427395296557
1996,7.353760821786478,12.969867481142973,6.789439296539913,8.99639296753982,20.23394136255119,7.7845549188699525,6.426677583454077,15.107601456547325,14.337764111568267
1997,7.943661671849121,12.922132884957726,7.305684524584048,7.447459248871201,20.983346818439227,7.225904296924093,6.657824212355592,16.096399825759985,13.417586516258995
1998,10.656070995792025,13.443723092390474,7.393869078118303,9.895543950373671,19.359392402477944,7.972858640327678,5.938990707883221,11.406237842675116,13.933313289961562
1999,7.363707431585678,15.855369708787396,5.59608380404786,8.94537801097264,20.735257695197117,8.547180206598364,6.645949001804097,13.82766860853111,12.483405532475729
2000,7.950729107493813,12.839132223985168,4.078673548673548,7.133417383270324,22.12127850907262,8.360471979001389,6.029131962808432,15.187322922175857,16.29984236351883
2001,8.935660325749842,14.902759729613951,5.2136106824406045,8.24582377341329,20.462687486568562,7.931999117676868,5.882902984341602,13.222926217715218,15.201629682480064
2002,8.163789136273657,15.404896418685283,6.627105504001787,7.271450884445569,19.737137967039367,6.991554820246432,6.965682552840987,15.988566064375386,12.849816652091517
2003,8.118016833975915,13.817867201000185,8.10251308225733,8.971746789726328,21.209467750209434,8.212381358340437,6.388427476189625,12.748422129163812,12.431157379136916
2004,11.315458656858913,13.067919224999587,6.445454204602474,10.403475289984243,16.66872117222601,9.858789302821139,5.279484709290201,11.219560975697394,15.741136463520021
2005,9.709817047641788,14.894113434127233,6.440545586837145,6.494935641227203,18.3069412038284,6.106625222939666,7.1271834546602335,13.9393710147109,16.98046739402742
2006,8.987362839259124,14.081286107253598,6.6406772149419195,7.9068170391699795,16.738832727300217,7.657801550874306,6.52487415834939,15.309816379011423,16.152531983840028
2007,10.2405879036684,13.328905975345604,7.020213936390404,8.672919564096034,17.90368258762222,8.252372056048529,6.480040543391936,14.51066814592356,13.590609287513312
2008,8.285715058934873,14.544684275992322,6.139290607053765,8.143315220211504,19.20311704119754,8.473086283341702,6.798386232790258,13.56952742819616,14.842877852281873
2009,8.425476195425547,13.026168695238892,6.818630539996638,9.146964618199137,17.575917237945944,10.202216653539843,5.564491767281341,13.212528326133121,16.027605966239527
2010,8.382356232313326,13.77561306923435,7.305596851978428,8.375183697881067,20.957810100844995,7.3931137131365965,6.067430908463515,12.983500954296149,14.75939447185156
2011,8.774114889238728,14.177212391152018,6.365401891709941,8.698897458750395,18.76271370356509,8.394821725402217,7.304766971075021,13.66033031296189,13.861740656144672
2012,8.26369398145714,12.509692629352074,6.374449423985029,9.44850828995566,19.39790472255642,9.26916541061278,6.837928896868526,13.030164641000553,14.868492004211815
2013,9.005609488998907,12.61253742070137,6.410253751236722,7.892069345567461,19.235220747231114,8.36286008882758,7.796002570962188,14.293254483547589,14.392192102927062
2014,10.056632612421978,11.729089167768871,6.431061025092345,9.480534632227803,17.84703772605742,9.370318822890239,5.721843762304682,12.813737736590738,16.549744514645923
2015,10.414925408269061,13.508296278884512,6.748472519912148,9.307407865612198,16.890661544338013,8.945377412405273,5.426993328309116,13.188564213564211,15.569301428705455
2016,8.636841864370746,14.536577756497943,6.0690935009371385,7.969015155014799,20.179802924951304,6.666646445293153,7.094004309768485,13.992973567916238,14.855044475250173
2017,8.431778093125999,12.83910222049177,6.927459764382142,9.279008682534297,16.618861227096268,8.5144109148171,7.37245673892218,13.184762446517718,16.83215991211251
2018,12.733069733513078,10.544284958735126,8.800386295189327,11.711840471077087,14.361596508260115,9.362657606027907,5.260554918649975,12.311638602170557,14.913970906376807
