Rank,Song,Artist,Year,Main Emotion,anger,anticipation,disgust,fear,joy,sadness,surprise,trust
1,Love Yourself,Justin Bieber,2016,joy,6.0606060606060606,9.090909090909092,3.0303030303030303,9.090909090909092,51.515151515151516,9.090909090909092,9.090909090909092,3.0303030303030303
2,Sorry,Justin Bieber,2016,sadness,13.157894736842104,5.2631578947368425,5.2631578947368425,13.157894736842104,2.6315789473684212,42.10526315789474,7.894736842105263,10.526315789473685
3,One Dance,Drake,2016,anticipation,3.389830508474576,37.28813559322034,1.694915254237288,6.779661016949152,22.033898305084747,1.694915254237288,6.779661016949152,20.338983050847457
4,Work,Rihanna,2016,disgust,14.444444444444445,11.11111111111111,18.88888888888889,15.555555555555555,7.777777777777778,16.666666666666668,6.666666666666667,8.88888888888889
5,Stressed Out,Twenty One Pilots,2016,anticipation,12.162162162162161,28.37837837837838,4.054054054054054,2.7027027027027026,17.56756756756757,4.054054054054054,13.513513513513514,17.56756756756757
6,Panda,Desiigner,2016,anger,24.390243902439025,9.75609756097561,19.51219512195122,14.634146341463415,2.4390243902439024,9.75609756097561,4.878048780487805,14.634146341463415
7,Hello,Adele,2016,trust,0.0,21.428571428571427,0.0,7.142857142857143,21.428571428571427,14.285714285714286,7.142857142857143,28.571428571428573
8,Don't Let Me Down,The Chainsmokers,2016,joy,15.384615384615385,17.94871794871795,0.0,0.0,20.512820512820515,12.820512820512821,12.820512820512821,20.512820512820515
9,Can't Stop the Feeling!,Justin Timberlake,2016,joy,6.844106463878327,11.02661596958175,6.083650190114068,7.224334600760456,26.99619771863118,6.4638783269961975,9.885931558935361,25.475285171102662
10,Closer,The Chainsmokers,2016,sadness,4.878048780487805,14.634146341463415,2.4390243902439024,4.878048780487805,17.073170731707318,29.26829268292683,7.317073170731708,19.51219512195122
11,Cheap Thrills,Sia,2016,anticipation,14.0,34.0,0.0,4.0,24.0,0.0,8.0,16.0
12,7 Years,Lukas Graham,2016,anticipation,10.344827586206897,15.517241379310345,8.620689655172415,8.620689655172415,15.517241379310345,15.517241379310345,10.344827586206897,15.517241379310345
13,Needed Me,Rihanna,2016,anger,19.696969696969695,9.090909090909092,15.151515151515152,9.090909090909092,16.666666666666668,9.090909090909092,6.0606060606060606,15.151515151515152
14,My House,Flo Rida,2016,joy,12.0,16.0,0.0,12.0,24.0,16.0,8.0,12.0
15,I Took a Pill in Ibiza,Mike Posner,2016,trust,3.5714285714285716,14.285714285714286,3.5714285714285716,3.5714285714285716,14.285714285714286,7.142857142857143,14.285714285714286,39.285714285714285
16,Work from Home,Fifth Harmony,2016,anticipation,6.25,25.0,0.0,6.25,25.0,12.5,6.25,18.75
17,This Is What You Came For,Calvin Harris,2016,anticipation,0.0,71.42857142857143,0.0,0.0,0.0,14.285714285714286,14.285714285714286,0.0
18,Cake by the Ocean,DNCE,2016,joy,11.881188118811881,16.831683168316832,7.920792079207921,11.881188118811881,18.81188118811881,12.871287128712872,11.881188118811881,7.920792079207921
19,Me Myself & I,G-Eazy,2016,joy,8.130081300813009,17.88617886178862,6.504065040650406,10.56910569105691,21.13821138211382,12.195121951219512,11.382113821138212,12.195121951219512
20,Ride,Twenty One Pilots,2016,anticipation,0.0,42.857142857142854,0.0,4.761904761904762,14.285714285714286,23.80952380952381,2.380952380952381,11.904761904761905
21,Heathens,Twenty One Pilots,2016,disgust,17.5,7.5,20.0,17.5,2.5,12.5,15.0,7.5
22,Pillowtalk,Zayn,2016,fear,18.181818181818183,1.8181818181818181,12.727272727272727,38.18181818181818,10.909090909090908,10.909090909090908,5.454545454545454,1.8181818181818181
23,Stitches,Shawn Mendes,2016,anticipation,10.204081632653061,20.408163265306122,4.081632653061225,20.408163265306122,12.244897959183673,16.3265306122449,4.081632653061225,12.244897959183673
24,Hotline Bling,Drake,2016,joy,5.0,5.0,10.0,5.0,50.0,5.0,5.0,15.0
25,Cold Water,Major Lazer,2016,anticipation,2.5,55.0,0.0,0.0,17.5,2.5,10.0,12.5
26,Send My Love (To Your New Lover),Adele,2016,anticipation,2.127659574468085,44.680851063829785,0.0,2.127659574468085,36.170212765957444,2.127659574468085,0.0,12.76595744680851
27,Roses,The Chainsmokers,2016,joy,6.25,18.75,12.5,6.25,25.0,12.5,6.25,12.5
28,Treat You Better,Shawn Mendes,2016,sadness,12.048192771084338,15.662650602409638,15.662650602409638,12.048192771084338,8.433734939759036,16.867469879518072,7.228915662650603,12.048192771084338
29,Too Good,Drake,2016,joy,1.9230769230769231,24.03846153846154,0.9615384615384616,1.9230769230769231,25.0,5.769230769230769,18.26923076923077,22.115384615384617
30,Low Life,Future,2016,anger,16.071428571428573,10.714285714285714,14.285714285714286,16.071428571428573,10.714285714285714,16.071428571428573,7.142857142857143,8.928571428571429
31,What Do You Mean?,Justin Bieber,2016,anticipation,14.285714285714286,50.0,0.0,0.0,21.428571428571427,0.0,7.142857142857143,7.142857142857143
32,The Hills,The Weeknd,2016,trust,0.0,19.35483870967742,0.0,9.67741935483871,22.580645161290324,3.225806451612903,0.0,45.16129032258065
33,Just Like Fire,Pink,2016,fear,27.272727272727273,6.0606060606060606,0.0,57.57575757575758,3.0303030303030303,3.0303030303030303,3.0303030303030303,0.0
34,Broccoli,DRAM,2016,anger,21.794871794871796,7.6923076923076925,21.794871794871796,11.538461538461538,10.256410256410257,8.974358974358974,8.974358974358974,8.974358974358974
35,Don't,Bryson Tiller,2016,joy,8.333333333333334,12.5,8.333333333333334,12.5,20.833333333333332,8.333333333333334,12.5,16.666666666666668
36,Dangerous Woman,Ariana Grande,2016,anger,43.61702127659574,5.319148936170213,15.957446808510639,8.51063829787234,7.446808510638298,6.382978723404255,4.25531914893617,8.51063829787234
37,Jumpman,Drake,2016,trust,17.857142857142858,7.142857142857143,7.142857142857143,10.714285714285714,17.857142857142858,3.5714285714285716,7.142857142857143,28.571428571428573
38,I Hate U I Love U,Gnash,2016,fear,18.46153846153846,6.923076923076923,17.692307692307693,20.0,13.846153846153847,17.692307692307693,3.076923076923077,2.3076923076923075
39,Here,Alessia Cara,2016,anticipation,8.823529411764707,23.529411764705884,8.823529411764707,2.9411764705882355,17.647058823529413,11.764705882352942,17.647058823529413,8.823529411764707
40,Same Old Love,Selena Gomez,2016,disgust,3.75,5.0,30.0,2.5,26.25,26.25,0.0,6.25
41,Controlla,Drake,2016,sadness,17.142857142857142,8.571428571428571,17.142857142857142,8.571428571428571,8.571428571428571,22.857142857142858,5.714285714285714,11.428571428571429
42,Like I'm Gonna Lose You,Meghan Trainor,2016,joy,14.423076923076923,9.615384615384615,13.461538461538462,14.423076923076923,15.384615384615385,15.384615384615385,15.384615384615385,1.9230769230769231
43,One Call Away,Charlie Puth,2016,joy,0.0,14.814814814814815,0.0,3.7037037037037037,37.03703703703704,3.7037037037037037,11.11111111111111,29.62962962962963
44,Let It Go,James Bay,2016,sadness,7.6923076923076925,11.538461538461538,0.0,30.76923076923077,0.0,38.46153846153846,11.538461538461538,0.0
45,No,Meghan Trainor,2016,trust,10.434782608695652,12.173913043478262,13.043478260869565,11.304347826086957,14.782608695652174,10.434782608695652,12.173913043478262,15.652173913043478
46,Never Forget You,Zara Larsson,2016,fear,1.8867924528301887,11.320754716981131,0.0,37.735849056603776,11.320754716981131,35.84905660377358,0.0,1.8867924528301887
47,Let Me Love You,DJ Snake,2016,joy,3.9215686274509802,19.607843137254903,3.9215686274509802,3.9215686274509802,47.05882352941177,5.882352941176471,7.8431372549019605,7.8431372549019605
48,Don't Mind,Kent Jones,2016,joy,0.0,15.151515151515152,0.0,3.0303030303030303,36.36363636363637,9.090909090909092,9.090909090909092,27.272727272727273
49,H.O.L.Y.,Florida Georgia Line,2016,joy,5.0,17.5,0.0,10.0,25.0,12.5,10.0,20.0
50,We Don't Talk Anymore,Charlie Puth,2016,joy,2.3255813953488373,6.976744186046512,11.627906976744185,11.627906976744185,30.232558139534884,9.30232558139535,13.953488372093023,13.953488372093023
51,Into You,Ariana Grande,2016,joy,9.75609756097561,9.75609756097561,2.4390243902439024,14.634146341463415,51.21951219512195,4.878048780487805,0.0,7.317073170731708
52,Gold,Kiiara,2016,joy,3.3333333333333335,5.0,0.0,5.0,56.666666666666664,5.0,10.0,15.0
53,Exchange,Bryson Tiller,2016,trust,7.547169811320755,20.754716981132077,5.660377358490566,9.433962264150944,15.09433962264151,3.7735849056603774,11.320754716981131,26.41509433962264
54,679,Fetty Wap,2016,joy,16.666666666666668,13.095238095238095,9.523809523809524,8.333333333333334,23.80952380952381,8.333333333333334,10.714285714285714,9.523809523809524
55,Oui,Jeremih,2016,joy,12.5,22.5,10.0,5.0,27.5,5.0,5.0,12.5
56,Hands to Myself,Selena Gomez,2016,joy,0.0,11.11111111111111,11.11111111111111,0.0,55.55555555555556,0.0,11.11111111111111,11.11111111111111
57,2 Phones,Kevin Gates,2016,joy,16.39344262295082,18.0327868852459,3.278688524590164,4.918032786885246,19.672131147540984,4.918032786885246,14.754098360655737,18.0327868852459
58,Starboy,The Weeknd,2016,joy,13.25301204819277,12.048192771084338,2.4096385542168677,16.867469879518072,20.481927710843372,16.867469879518072,6.024096385542169,12.048192771084338
59,For Free,DJ Khaled,2016,anticipation,6.25,29.166666666666668,6.25,4.166666666666667,20.833333333333332,2.0833333333333335,10.416666666666666,20.833333333333332
60,Never Be Like You,Flume,2016,sadness,11.864406779661017,3.389830508474576,13.559322033898304,25.423728813559322,5.084745762711864,35.59322033898305,1.694915254237288,3.389830508474576
61,In the Night,The Weeknd,2016,anticipation,4.545454545454546,27.272727272727273,0.0,18.181818181818183,13.636363636363637,18.181818181818183,9.090909090909092,9.090909090909092
62,Me Too,Meghan Trainor,2016,joy,0.0,27.272727272727273,0.0,0.0,36.36363636363637,0.0,0.0,36.36363636363637
63,Ex's & Oh's,Elle King,2016,joy,0.0,19.23076923076923,3.8461538461538463,19.23076923076923,23.076923076923077,11.538461538461538,11.538461538461538,11.538461538461538
64,Die a Happy Man,Thomas Rhett,2016,joy,2.816901408450704,18.309859154929576,0.0,16.901408450704224,23.943661971830984,18.309859154929576,4.225352112676056,15.492957746478874
65,White Iverson,Post Malone,2016,anticipation,14.851485148514852,18.81188118811881,1.9801980198019802,17.821782178217823,11.881188118811881,11.881188118811881,13.861386138613861,8.910891089108912
66,Close,Nick Jonas,2016,disgust,17.02127659574468,14.893617021276595,21.27659574468085,14.893617021276595,8.51063829787234,2.127659574468085,4.25531914893617,17.02127659574468
67,Unsteady,X Ambassadors,2016,fear,4.761904761904762,0.0,0.0,76.19047619047619,19.047619047619047,0.0,0.0,0.0
68,Sucker for Pain,Lil Wayne Wiz Khalifa,2016,fear,20.77922077922078,10.38961038961039,11.03896103896104,25.324675324675326,3.896103896103896,24.025974025974026,1.948051948051948,2.5974025974025974
69,Down in the DM,Yo Gotti,2016,anger,37.93103448275862,0.0,20.689655172413794,17.24137931034483,6.896551724137931,17.24137931034483,0.0,0.0
70,Luv,Tory Lanez,2016,joy,7.894736842105263,15.789473684210526,0.0,0.0,63.1578947368421,10.526315789473685,0.0,2.6315789473684212
71,Sorry,Beyoncé,2016,anger,21.62162162162162,20.27027027027027,13.513513513513514,8.108108108108109,10.81081081081081,8.108108108108109,6.756756756756757,10.81081081081081
72,Can't Feel My Face,The Weeknd,2016,joy,9.333333333333334,12.0,4.0,17.333333333333332,30.666666666666668,17.333333333333332,9.333333333333334,0.0
73,Hymn for the Weekend,Coldplay,2016,fear,21.951219512195124,12.195121951219512,6.097560975609756,23.170731707317074,12.195121951219512,7.317073170731708,8.536585365853659,8.536585365853659
74,Say It,Tory Lanez,2016,joy,5.555555555555555,22.22222222222222,3.7037037037037037,3.7037037037037037,35.18518518518518,1.8518518518518519,12.962962962962964,14.814814814814815
75,Antidote,Travis Scott,2016,trust,7.142857142857143,17.857142857142858,3.5714285714285716,7.142857142857143,1.7857142857142858,7.142857142857143,3.5714285714285716,51.785714285714285
76,Lost Boy,Ruth B,2016,joy,8.695652173913043,13.043478260869565,8.695652173913043,8.695652173913043,26.08695652173913,6.521739130434782,8.695652173913043,19.565217391304348
77,Side to Side,Ariana Grande,2016,disgust,16.666666666666668,11.11111111111111,27.77777777777778,13.88888888888889,2.7777777777777777,13.88888888888889,13.88888888888889,0.0
78,Sit Still Look Pretty,Daya,2016,anticipation,3.875968992248062,27.906976744186046,1.550387596899225,6.976744186046512,25.58139534883721,1.550387596899225,5.426356589147287,27.131782945736433
79,Wildest Dreams,Taylor Swift,2016,anticipation,12.121212121212121,21.21212121212121,12.121212121212121,12.121212121212121,6.0606060606060606,18.181818181818183,12.121212121212121,6.0606060606060606
80,Middle,DJ Snake,2016,anticipation,4.166666666666667,25.0,8.333333333333334,4.166666666666667,20.833333333333332,4.166666666666667,12.5,20.833333333333332
81,On My Mind,Ellie Goulding,2016,disgust,20.512820512820515,5.128205128205129,23.076923076923077,15.384615384615385,15.384615384615385,7.6923076923076925,2.5641025641025643,10.256410256410257
82,Pop Style,Drake,2016,trust,15.384615384615385,15.384615384615385,7.6923076923076925,0.0,15.384615384615385,3.8461538461538463,19.23076923076923,23.076923076923077
83,When We Were Young,Adele,2016,anticipation,5.882352941176471,23.529411764705884,2.9411764705882355,17.647058823529413,14.705882352941176,14.705882352941176,14.705882352941176,5.882352941176471
84,Hide Away,Daya,2016,anticipation,0.8130081300813008,21.951219512195124,0.8130081300813008,13.008130081300813,21.951219512195124,1.6260162601626016,19.51219512195122,20.32520325203252
85,Lean On,Major Lazer,2016,fear,15.584415584415584,19.48051948051948,0.0,31.16883116883117,16.883116883116884,0.0,16.883116883116884,0.0
86,I Know What You Did Last Summer,Shawn Mendes,2016,anticipation,14.285714285714286,25.714285714285715,5.714285714285714,11.428571428571429,14.285714285714286,11.428571428571429,2.857142857142857,14.285714285714286
87,All the Way Up,Fat Joe Remy Ma,2016,anger,28.205128205128204,10.256410256410257,12.820512820512821,10.256410256410257,7.6923076923076925,12.820512820512821,7.6923076923076925,10.256410256410257
88,Watch Me,Silentó,2016,anticipation,11.428571428571429,42.285714285714285,0.0,42.285714285714285,0.0,0.0,4.0,0.0
89,Back to Sleep,Chris Brown,2016,joy,16.129032258064516,12.903225806451612,9.67741935483871,0.0,25.806451612903224,16.129032258064516,0.0,19.35483870967742
90,No Limit,Usher,2016,joy,14.666666666666666,2.6666666666666665,12.0,16.0,25.333333333333332,20.0,2.6666666666666665,6.666666666666667
91,Cut It,O.T. Genasis,2016,anger,21.53846153846154,12.307692307692308,6.153846153846154,3.076923076923077,18.46153846153846,4.615384615384615,13.846153846153847,20.0
92,Really Really,Kevin Gates,2016,joy,12.903225806451612,16.129032258064516,9.67741935483871,7.526881720430108,17.204301075268816,11.827956989247312,8.602150537634408,16.129032258064516
93,All In My Head (Flex),Fifth Harmony,2016,joy,4.3478260869565215,30.434782608695652,4.3478260869565215,13.043478260869565,34.78260869565217,13.043478260869565,0.0,0.0
94,Starving,Hailee Steinfeld,2016,anger,33.333333333333336,5.555555555555555,16.666666666666668,16.666666666666668,0.0,11.11111111111111,16.666666666666668,0.0
95,Adventure of a Lifetime,Coldplay,2016,anticipation,9.30232558139535,20.930232558139537,4.651162790697675,13.953488372093023,16.27906976744186,13.953488372093023,4.651162790697675,16.27906976744186
96,Humble and Kind,Tim McGraw,2016,joy,11.11111111111111,6.172839506172839,18.51851851851852,3.7037037037037037,23.45679012345679,17.28395061728395,3.7037037037037037,16.049382716049383
97,Wicked,Future,2016,fear,7.317073170731708,1.2195121951219512,4.878048780487805,70.73170731707317,4.878048780487805,3.658536585365854,1.2195121951219512,6.097560975609756
98,Tiimmy Turner,Desiigner,2016,anger,32.407407407407405,2.7777777777777777,11.11111111111111,21.296296296296298,4.62962962962963,24.074074074074073,1.8518518518518519,1.8518518518518519
99,See You Again,Wiz Khalifa,2016,joy,7.894736842105263,21.05263157894737,2.6315789473684212,5.2631578947368425,23.68421052631579,7.894736842105263,7.894736842105263,23.68421052631579
100,Perfect,One Direction,2016,anticipation,0.0,32.142857142857146,0.0,1.1904761904761905,32.142857142857146,2.380952380952381,4.761904761904762,27.38095238095238
1,Shape of You,Ed Sheeran,2017,joy,6.4935064935064934,6.4935064935064934,7.792207792207792,2.5974025974025974,55.84415584415584,6.4935064935064934,3.896103896103896,10.38961038961039
2,Despacito (Remix),Luis Fonsi,2017,joy,15.789473684210526,15.789473684210526,15.789473684210526,10.526315789473685,21.05263157894737,10.526315789473685,0.0,10.526315789473685
3,That's What I Like,Bruno Mars,2017,joy,6.451612903225806,19.35483870967742,0.0,4.838709677419355,32.25806451612903,1.6129032258064515,11.290322580645162,24.193548387096776
4,Humble,Kendrick Lamar,2017,sadness,6.8493150684931505,5.47945205479452,26.027397260273972,8.219178082191782,4.109589041095891,36.986301369863014,5.47945205479452,6.8493150684931505
5,Something Just Like This,The Chainsmokers,2017,joy,8.333333333333334,16.666666666666668,0.0,0.0,50.0,0.0,16.666666666666668,8.333333333333334
6,Bad and Boujee,Migos,2017,anger,23.282442748091604,6.870229007633588,15.267175572519085,22.519083969465647,4.961832061068702,13.740458015267176,4.198473282442748,9.16030534351145
7,Closer,The Chainsmokers,2017,sadness,4.878048780487805,14.634146341463415,2.4390243902439024,4.878048780487805,17.073170731707318,29.26829268292683,7.317073170731708,19.51219512195122
8,Body Like a Back Road,Sam Hunt,2017,anticipation,12.5,31.25,0.0,6.25,12.5,12.5,12.5,12.5
9,Believer,Imagine Dragons,2017,trust,8.771929824561404,5.2631578947368425,1.7543859649122806,12.280701754385966,10.526315789473685,17.54385964912281,7.017543859649122,36.8421052631579
10,Congratulations,Post Malone,2017,joy,11.864406779661017,22.033898305084747,10.169491525423728,6.779661016949152,23.728813559322035,3.389830508474576,13.559322033898304,8.474576271186441
11,Say You Won't Let Go,James Arthur,2017,anticipation,4.444444444444445,26.666666666666668,4.444444444444445,4.444444444444445,22.22222222222222,8.88888888888889,11.11111111111111,17.77777777777778
12,I'm the One,DJ Khaled,2017,anger,18.51851851851852,11.11111111111111,13.580246913580247,9.876543209876543,7.407407407407407,13.580246913580247,7.407407407407407,18.51851851851852
13,XO Tour Llif3,Lil Uzi Vert,2017,trust,7.017543859649122,14.035087719298245,3.508771929824561,15.789473684210526,7.017543859649122,21.05263157894737,8.771929824561404,22.80701754385965
14,Mask Off,Future,2017,anger,21.05263157894737,5.2631578947368425,15.789473684210526,21.05263157894737,5.2631578947368425,17.54385964912281,3.508771929824561,10.526315789473685
15,Unforgettable,French Montana,2017,anticipation,11.475409836065573,26.229508196721312,3.278688524590164,8.19672131147541,13.114754098360656,6.557377049180328,13.114754098360656,18.0327868852459
16,24K Magic,Bruno Mars,2017,anger,18.571428571428573,15.714285714285714,8.571428571428571,10.0,12.857142857142858,8.571428571428571,11.428571428571429,14.285714285714286
17,Stay,Zedd,2017,anticipation,0.0,53.84615384615385,0.0,5.128205128205129,20.512820512820515,0.0,10.256410256410257,10.256410256410257
18,Wild Thoughts,DJ Khaled,2017,surprise,7.526881720430108,6.451612903225806,4.301075268817204,5.376344086021505,16.129032258064516,9.67741935483871,46.236559139784944,4.301075268817204
19,Black Beatles,Rae Sremmurd,2017,fear,13.88888888888889,11.11111111111111,7.638888888888889,18.055555555555557,10.416666666666666,16.666666666666668,7.638888888888889,14.583333333333334
20,Starboy,The Weeknd,2017,joy,13.25301204819277,12.048192771084338,2.4096385542168677,16.867469879518072,20.481927710843372,16.867469879518072,6.024096385542169,12.048192771084338
21,Location,Khalid,2017,anticipation,0.0,36.36363636363637,9.090909090909092,0.0,9.090909090909092,27.272727272727273,9.090909090909092,9.090909090909092
22,Attention,Charlie Puth,2017,anticipation,19.35483870967742,35.483870967741936,16.129032258064516,9.67741935483871,0.0,19.35483870967742,0.0,0.0
23,There's Nothing Holdin' Me Back,Shawn Mendes,2017,fear,12.0,12.0,0.0,32.0,16.0,28.0,0.0,0.0
24,Bodak Yellow,Cardi B,2017,anger,19.205298013245034,9.933774834437086,12.582781456953642,11.920529801324504,13.245033112582782,11.258278145695364,5.298013245033113,16.556291390728475
25,Redbone,Childish Gambino,2017,anticipation,7.6923076923076925,26.923076923076923,15.384615384615385,3.8461538461538463,11.538461538461538,11.538461538461538,15.384615384615385,7.6923076923076925
26,I Don't Wanna Live Forever,Zayn,2017,sadness,22.22222222222222,0.0,5.555555555555555,22.22222222222222,22.22222222222222,27.77777777777778,0.0,0.0
27,It Ain't Me,Kygo,2017,sadness,0.0,26.31578947368421,0.0,5.2631578947368425,10.526315789473685,31.57894736842105,15.789473684210526,10.526315789473685
28,iSpy,Kyle,2017,anger,16.901408450704224,16.901408450704224,15.492957746478874,7.042253521126761,15.492957746478874,7.042253521126761,9.859154929577464,11.267605633802816
29,Issues,Julia Michaels,2017,joy,16.176470588235293,5.882352941176471,16.176470588235293,11.764705882352942,22.058823529411764,13.235294117647058,2.9411764705882355,11.764705882352942
30,Scars to Your Beautiful,Alessia Cara,2017,joy,1.5384615384615385,13.846153846153847,0.0,20.0,38.46153846153846,10.76923076923077,4.615384615384615,10.76923076923077
31,1-800-273-8255,Logic,2017,anticipation,3.5398230088495577,23.008849557522122,4.424778761061947,12.389380530973451,18.58407079646018,14.15929203539823,5.3097345132743365,18.58407079646018
32,Slow Hands,Niall Horan,2017,disgust,10.81081081081081,5.405405405405405,18.91891891891892,18.91891891891892,16.216216216216218,8.108108108108109,13.513513513513514,8.108108108108109
33,Love on the Brain,Rihanna,2017,joy,5.555555555555555,12.5,5.555555555555555,5.555555555555555,33.333333333333336,9.722222222222221,8.333333333333334,19.444444444444443
34,I Feel It Coming,The Weeknd,2017,anticipation,2.6315789473684212,82.89473684210526,1.3157894736842106,2.6315789473684212,7.894736842105263,1.3157894736842106,0.0,1.3157894736842106
35,Bounce Back,Big Sean,2017,trust,16.831683168316832,9.900990099009901,10.891089108910892,18.81188118811881,2.9702970297029703,16.831683168316832,2.9702970297029703,20.792079207920793
36,Strip That Down,Liam Payne,2017,joy,14.473684210526315,6.578947368421052,2.6315789473684212,3.9473684210526314,31.57894736842105,23.68421052631579,1.3157894736842106,15.789473684210526
37,Fake Love,Drake,2017,anticipation,2.7027027027027026,37.83783783783784,2.7027027027027026,2.7027027027027026,29.72972972972973,0.0,5.405405405405405,18.91891891891892
38,Don't Wanna Know,Maroon 5,2017,joy,1.8867924528301887,13.20754716981132,3.7735849056603774,0.0,49.056603773584904,0.0,3.7735849056603774,28.30188679245283
39,Look What You Made Me Do,Taylor Swift,2017,anger,19.444444444444443,13.88888888888889,16.666666666666668,13.88888888888889,5.555555555555555,13.88888888888889,2.7777777777777777,13.88888888888889
40,Castle on the Hill,Ed Sheeran,2017,anticipation,0.0,35.294117647058826,0.0,5.882352941176471,14.705882352941176,8.823529411764707,8.823529411764707,26.470588235294116
41,Bad Things,Machine Gun Kelly,2017,trust,13.043478260869565,8.695652173913043,11.956521739130435,14.130434782608695,11.956521739130435,11.956521739130435,10.869565217391305,17.391304347826086
42,Paris,The Chainsmokers,2017,trust,5.555555555555555,11.11111111111111,2.7777777777777777,5.555555555555555,5.555555555555555,8.333333333333334,5.555555555555555,55.55555555555556
43,Side to Side,Ariana Grande,2017,disgust,16.666666666666668,11.11111111111111,27.77777777777778,13.88888888888889,2.7777777777777777,13.88888888888889,13.88888888888889,0.0
44,Rockabye,Clean Bandit,2017,joy,8.641975308641975,12.345679012345679,0.0,9.876543209876543,34.5679012345679,19.753086419753085,2.4691358024691357,12.345679012345679
45,Feel It Still,Portugal. The Man,2017,fear,21.53846153846154,15.384615384615385,4.615384615384615,23.076923076923077,10.76923076923077,9.23076923076923,6.153846153846154,9.23076923076923
46,Let Me Love You,DJ Snake,2017,joy,3.9215686274509802,19.607843137254903,3.9215686274509802,3.9215686274509802,47.05882352941177,5.882352941176471,7.8431372549019605,7.8431372549019605
47,Sorry Not Sorry,Demi Lovato,2017,fear,17.322834645669293,4.724409448818897,11.023622047244094,21.25984251968504,14.960629921259843,18.11023622047244,6.299212598425197,6.299212598425197
48,Bank Account,21 Savage,2017,anger,27.741935483870968,2.5806451612903225,10.32258064516129,23.225806451612904,0.0,10.32258064516129,0.6451612903225806,25.161290322580644
49,Can't Stop the Feeling!,Justin Timberlake,2017,joy,6.844106463878327,11.02661596958175,6.083650190114068,7.224334600760456,26.99619771863118,6.4638783269961975,9.885931558935361,25.475285171102662
50,Mi Gente,J Balvin,2017,anticipation,0.0,25.0,0.0,0.0,25.0,0.0,25.0,25.0
51,Thunder,Imagine Dragons,2017,joy,16.666666666666668,11.11111111111111,0.0,11.11111111111111,22.22222222222222,5.555555555555555,16.666666666666668,16.666666666666668
52,T-Shirt,Migos,2017,trust,21.311475409836067,9.836065573770492,8.19672131147541,18.0327868852459,6.557377049180328,11.475409836065573,1.639344262295082,22.950819672131146
53,Rake It Up,Yo Gotti,2017,anger,18.51851851851852,13.580246913580247,11.11111111111111,14.814814814814815,11.11111111111111,12.345679012345679,4.938271604938271,13.580246913580247
54,Mercy,Shawn Mendes,2017,anger,16.216216216216218,10.81081081081081,2.7027027027027026,16.216216216216218,16.216216216216218,16.216216216216218,8.108108108108109,13.513513513513514
55,Tunnel Vision,Kodak Black,2017,joy,14.772727272727273,17.045454545454547,10.227272727272727,7.954545454545454,23.863636363636363,3.409090909090909,10.227272727272727,12.5
56,Rockstar,Post Malone,2017,trust,15.909090909090908,9.090909090909092,6.818181818181818,11.363636363636363,15.909090909090908,9.090909090909092,4.545454545454546,27.272727272727273
57,In Case You Didn't Know,Brett Young,2017,anticipation,18.0327868852459,29.508196721311474,6.557377049180328,18.0327868852459,3.278688524590164,18.0327868852459,3.278688524590164,3.278688524590164
58,Heathens,Twenty One Pilots,2017,disgust,17.5,7.5,20.0,17.5,2.5,12.5,15.0,7.5
59,Now or Never,Halsey,2017,joy,7.142857142857143,28.571428571428573,7.142857142857143,7.142857142857143,50.0,0.0,0.0,0.0
60,Caroline,Aminé,2017,disgust,20.689655172413794,6.896551724137931,22.413793103448278,19.82758620689655,8.620689655172415,14.655172413793103,3.4482758620689653,3.4482758620689653
61,Rolex,Ayo,2017,joy,10.344827586206897,3.4482758620689653,3.4482758620689653,10.344827586206897,37.93103448275862,10.344827586206897,0.0,24.137931034482758
62,DNA,Kendrick Lamar,2017,anger,20.192307692307693,9.615384615384615,12.5,13.461538461538462,9.615384615384615,12.5,3.8461538461538463,18.26923076923077
63,Juju on That Beat (TZ Anthem),Zay Hilfigerrr,2017,joy,4.878048780487805,9.75609756097561,7.317073170731708,7.317073170731708,34.146341463414636,2.4390243902439024,2.4390243902439024,31.70731707317073
64,Swang,Rae Sremmurd,2017,anticipation,7.070707070707071,21.21212121212121,3.0303030303030303,13.131313131313131,15.151515151515152,9.090909090909092,14.141414141414142,17.171717171717173
65,Passionfruit,Drake,2017,anger,27.77777777777778,16.666666666666668,22.22222222222222,11.11111111111111,0.0,5.555555555555555,5.555555555555555,11.11111111111111
66,Loyalty,Kendrick Lamar,2017,trust,7.017543859649122,7.017543859649122,6.140350877192983,14.912280701754385,12.280701754385966,10.526315789473685,11.403508771929825,30.70175438596491
67,Praying,Kesha,2017,trust,5.633802816901408,21.12676056338028,2.816901408450704,7.042253521126761,21.12676056338028,2.816901408450704,14.084507042253522,25.35211267605634
68,Goosebumps,Travis Scott,2017,anticipation,12.195121951219512,36.58536585365854,2.4390243902439024,14.634146341463415,9.75609756097561,12.195121951219512,0.0,12.195121951219512
69,Cold,Maroon 5,2017,anticipation,6.25,31.25,0.0,6.25,0.0,25.0,18.75,12.5
70,Broccoli,DRAM,2017,anger,21.794871794871796,7.6923076923076925,21.794871794871796,11.538461538461538,10.256410256410257,8.974358974358974,8.974358974358974,8.974358974358974
71,Slide,Calvin Harris,2017,disgust,12.195121951219512,4.878048780487805,24.390243902439025,7.317073170731708,9.75609756097561,12.195121951219512,4.878048780487805,24.390243902439025
72,What Ifs,Kane Brown,2017,joy,5.405405405405405,16.216216216216218,2.7027027027027026,16.216216216216218,21.62162162162162,13.513513513513514,21.62162162162162,2.7027027027027026
73,Chained to the Rhythm,Katy Perry,2017,trust,14.285714285714286,6.349206349206349,11.11111111111111,4.761904761904762,28.571428571428573,3.1746031746031744,1.5873015873015872,30.158730158730158
74,Feels,Calvin Harris,2017,fear,11.864406779661017,11.864406779661017,0.0,27.11864406779661,6.779661016949152,6.779661016949152,25.423728813559322,10.169491525423728
75,All Time Low,Jon Bellion,2017,fear,19.565217391304348,10.869565217391305,6.521739130434782,26.08695652173913,13.043478260869565,19.565217391304348,0.0,4.3478260869565215
76,Hurricane,Luke Combs,2017,anger,28.8135593220339,11.864406779661017,1.694915254237288,28.8135593220339,5.084745762711864,6.779661016949152,10.169491525423728,6.779661016949152
77,Too Good at Goodbyes,Sam Smith,2017,anticipation,3.8461538461538463,21.794871794871796,3.8461538461538463,6.410256410256411,15.384615384615385,19.23076923076923,17.94871794871795,11.538461538461538
78,Young Dumb & Broke,Khalid,2017,joy,1.9230769230769231,18.26923076923077,0.9615384615384616,18.26923076923077,21.153846153846153,18.26923076923077,14.423076923076923,6.730769230769231
79,Magnolia,Playboi Carti,2017,anger,26.470588235294116,8.823529411764707,14.705882352941176,25.0,4.411764705882353,10.294117647058824,1.4705882352941178,8.823529411764707
80,Love Galore,SZA,2017,joy,4.166666666666667,16.666666666666668,4.166666666666667,6.25,47.916666666666664,8.333333333333334,4.166666666666667,8.333333333333334
81,Drowning,A Boogie wit da Hoodie,2017,anger,20.895522388059703,7.462686567164179,19.402985074626866,19.402985074626866,1.492537313432836,17.91044776119403,0.0,13.432835820895523
82,Starving,Hailee Steinfeld,2017,anger,33.333333333333336,5.555555555555555,16.666666666666668,16.666666666666668,0.0,11.11111111111111,16.666666666666668,0.0
83,Both,Gucci Mane,2017,anger,22.22222222222222,0.0,11.11111111111111,22.22222222222222,0.0,11.11111111111111,11.11111111111111,22.22222222222222
84,What About Us,Pink,2017,anticipation,11.11111111111111,33.333333333333336,0.0,11.11111111111111,14.814814814814815,14.814814814814815,3.7037037037037037,11.11111111111111
85,Swalla,Jason Derulo,2017,trust,13.953488372093023,9.30232558139535,13.953488372093023,11.627906976744185,9.30232558139535,13.953488372093023,9.30232558139535,18.6046511627907
86,Slippery,Migos,2017,fear,15.88785046728972,14.018691588785046,14.953271028037383,19.626168224299064,4.672897196261682,15.88785046728972,6.542056074766355,8.411214953271028
87,Sign of the Times,Harry Styles,2017,joy,0.0,20.689655172413794,0.0,0.0,24.137931034482758,24.137931034482758,10.344827586206897,20.689655172413794
88,Water Under the Bridge,Adele,2017,joy,11.11111111111111,7.407407407407407,3.7037037037037037,22.22222222222222,44.44444444444444,11.11111111111111,0.0,0.0
89,Malibu,Miley Cyrus,2017,joy,3.125,21.875,0.0,6.25,25.0,9.375,9.375,25.0
90,Down,Marian Hill,2017,joy,8.0,8.0,12.0,12.0,24.0,12.0,8.0,16.0
91,No Promises,Cheat Codes,2017,sadness,7.142857142857143,0.0,7.142857142857143,0.0,21.428571428571427,42.857142857142854,14.285714285714286,7.142857142857143
92,Treat You Better,Shawn Mendes,2017,sadness,12.048192771084338,15.662650602409638,15.662650602409638,12.048192771084338,8.433734939759036,16.867469879518072,7.228915662650603,12.048192771084338
93,I Get the Bag,Gucci Mane,2017,trust,10.280373831775702,14.018691588785046,4.672897196261682,13.08411214953271,20.560747663551403,9.345794392523365,5.607476635514018,22.429906542056074
94,Small Town Boy,Dustin Lynch,2017,disgust,13.72549019607843,0.0,27.45098039215686,19.607843137254903,11.764705882352942,17.647058823529413,3.9215686274509802,5.882352941176471
95,Everyday We Lit,YFN Lucci,2017,disgust,19.718309859154928,9.859154929577464,21.12676056338028,18.309859154929576,1.408450704225352,16.901408450704224,0.0,12.67605633802817
96,Havana,Camila Cabello,2017,anger,28.571428571428573,14.285714285714286,14.285714285714286,0.0,28.571428571428573,0.0,0.0,14.285714285714286
97,What Lovers Do,Maroon 5,2017,joy,2.0408163265306123,2.0408163265306123,2.0408163265306123,0.0,67.34693877551021,0.0,24.489795918367346,2.0408163265306123
98,Do Re Mi,Blackbear,2017,fear,12.5,12.5,3.125,25.0,9.375,12.5,12.5,12.5
99,Look at Me!,XXXTentacion,2017,anger,28.571428571428573,2.380952380952381,19.047619047619047,19.047619047619047,9.523809523809524,16.666666666666668,0.0,4.761904761904762
100,The Fighter,Keith Urban,2017,joy,3.4482758620689653,17.24137931034483,0.0,3.4482758620689653,36.206896551724135,24.137931034482758,3.4482758620689653,12.068965517241379
1,God's Plan,Drake,2018,anticipation,16.363636363636363,21.818181818181817,14.545454545454545,14.545454545454545,9.090909090909092,14.545454545454545,3.6363636363636362,5.454545454545454
2,Perfect,Ed Sheeran,2018,joy,2.73972602739726,19.17808219178082,1.36986301369863,0.0,36.986301369863014,5.47945205479452,5.47945205479452,28.767123287671232
3,Meant to Be,Bebe Rexha,2018,anticipation,13.333333333333334,30.0,10.0,6.666666666666667,13.333333333333334,13.333333333333334,3.3333333333333335,10.0
4,Havana,Camila Cabello,2018,anger,28.571428571428573,14.285714285714286,14.285714285714286,0.0,28.571428571428573,0.0,0.0,14.285714285714286
5,Rockstar,Post Malone,2018,trust,15.909090909090908,9.090909090909092,6.818181818181818,11.363636363636363,15.909090909090908,9.090909090909092,4.545454545454546,27.272727272727273
6,Psycho,Post Malone,2018,trust,19.696969696969695,6.0606060606060606,15.151515151515152,12.121212121212121,10.606060606060606,12.121212121212121,1.5151515151515151,22.727272727272727
7,I Like It,Cardi B Bad Bunny,2018,fear,26.865671641791046,11.940298507462687,7.462686567164179,28.35820895522388,4.477611940298507,5.970149253731344,2.985074626865672,11.940298507462687
8,The Middle,Zedd Maren Morris,2018,anger,28.94736842105263,5.2631578947368425,5.2631578947368425,7.894736842105263,15.789473684210526,23.68421052631579,7.894736842105263,5.2631578947368425
9,In My Feelings,Drake,2018,joy,13.559322033898304,1.694915254237288,10.169491525423728,5.084745762711864,22.033898305084747,20.338983050847457,11.864406779661017,15.254237288135593
10,Girls Like You,Maroon 5,2018,joy,4.166666666666667,29.166666666666668,4.166666666666667,0.0,37.5,4.166666666666667,8.333333333333334,12.5
11,Nice for What,Drake,2018,sadness,12.987012987012987,15.584415584415584,2.5974025974025974,14.285714285714286,16.883116883116884,29.87012987012987,1.2987012987012987,6.4935064935064934
12,Lucid Dreams,Juice Wrld,2018,joy,10.95890410958904,15.068493150684931,10.95890410958904,16.438356164383563,17.80821917808219,15.068493150684931,6.8493150684931505,6.8493150684931505
13,Better Now,Post Malone,2018,joy,16.666666666666668,8.333333333333334,8.333333333333334,8.333333333333334,25.0,8.333333333333334,0.0,25.0
14,Finesse (Remix),Bruno Mars,2018,joy,11.290322580645162,17.741935483870968,8.064516129032258,11.290322580645162,22.580645161290324,1.6129032258064515,9.67741935483871,17.741935483870968
15,Boo'd Up,Ella Mai,2018,anticipation,5.2631578947368425,36.8421052631579,0.0,10.526315789473685,31.57894736842105,10.526315789473685,0.0,5.2631578947368425
16,New Rules,Dua Lipa,2018,trust,8.88888888888889,4.444444444444445,4.444444444444445,2.2222222222222223,33.333333333333336,2.2222222222222223,2.2222222222222223,42.22222222222222
17,Sad!,XXXTentacion,2018,fear,12.121212121212121,6.0606060606060606,12.121212121212121,33.333333333333336,9.090909090909092,21.21212121212121,3.0303030303030303,3.0303030303030303
18,Never Be the Same,Camila Cabello,2018,anger,50.0,0.0,26.19047619047619,11.904761904761905,2.380952380952381,4.761904761904762,2.380952380952381,2.380952380952381
19,Love Lies,Khalid,2018,joy,15.0,7.5,10.0,12.5,35.0,2.5,10.0,7.5
20,No Tears Left to Cry,Ariana Grande,2018,sadness,4.545454545454546,13.636363636363637,13.636363636363637,4.545454545454546,0.0,36.36363636363637,22.727272727272727,4.545454545454546
21,Mine,Bazzi,2018,anticipation,3.125,21.875,15.625,6.25,18.75,6.25,12.5,15.625
22,Thunder,Imagine Dragons,2018,joy,16.666666666666668,11.11111111111111,0.0,11.11111111111111,22.22222222222222,5.555555555555555,16.666666666666668,16.666666666666668
23,Look Alive,BlocBoy JB,2018,anticipation,21.568627450980394,25.49019607843137,13.72549019607843,5.882352941176471,13.72549019607843,3.9215686274509802,1.9607843137254901,13.72549019607843
24,Delicate,Taylor Swift,2018,sadness,11.11111111111111,16.666666666666668,11.11111111111111,16.666666666666668,11.11111111111111,27.77777777777778,0.0,5.555555555555555
25,Yes Indeed,Lil Baby,2018,anger,27.868852459016395,4.918032786885246,9.836065573770492,13.114754098360656,4.918032786885246,19.672131147540984,8.19672131147541,11.475409836065573
26,Friends,Marshmello,2018,anger,33.333333333333336,3.3333333333333335,16.666666666666668,23.333333333333332,10.0,6.666666666666667,0.0,6.666666666666667
27,Bad at Love,Halsey,2018,disgust,17.218543046357617,8.609271523178808,19.867549668874172,15.894039735099337,12.582781456953642,16.556291390728475,4.635761589403973,4.635761589403973
28,Taste,Tyga,2018,anger,21.875,7.8125,9.375,18.75,15.625,10.9375,6.25,9.375
29,Let You Down,NF,2018,anticipation,10.416666666666666,20.833333333333332,6.25,6.25,12.5,14.583333333333334,14.583333333333334,14.583333333333334
30,No Limit,G-Eazy,2018,trust,16.964285714285715,13.392857142857142,4.464285714285714,4.464285714285714,22.767857142857142,5.357142857142857,8.482142857142858,24.107142857142858
31,Fefe,6ix9ine,2018,anger,22.22222222222222,14.814814814814815,9.25925925925926,14.814814814814815,9.25925925925926,9.25925925925926,9.25925925925926,11.11111111111111
32,Tequila,Dan + Shay,2018,joy,11.11111111111111,3.7037037037037037,11.11111111111111,11.11111111111111,22.22222222222222,22.22222222222222,14.814814814814815,3.7037037037037037
33,Feel It Still,Portugal. The Man,2018,fear,21.53846153846154,15.384615384615385,4.615384615384615,23.076923076923077,10.76923076923077,9.23076923076923,6.153846153846154,9.23076923076923
34,MotorSport,Migos Nicki Minaj,2018,anger,22.22222222222222,11.11111111111111,9.876543209876543,22.22222222222222,3.7037037037037037,11.11111111111111,12.345679012345679,7.407407407407407
35,I Like Me Better,Lauv,2018,anticipation,3.5714285714285716,46.42857142857143,3.5714285714285716,3.5714285714285716,17.857142857142858,3.5714285714285716,10.714285714285714,10.714285714285714
36,Youngblood,5 Seconds of Summer,2018,anticipation,16.666666666666668,58.333333333333336,8.333333333333334,0.0,8.333333333333334,0.0,0.0,8.333333333333334
37,Whatever It Takes,Imagine Dragons,2018,joy,10.144927536231885,14.492753623188406,7.246376811594203,11.594202898550725,18.840579710144926,15.942028985507246,14.492753623188406,7.246376811594203
38,Ric Flair Drip,Offset,2018,anger,21.05263157894737,12.280701754385966,17.54385964912281,17.54385964912281,5.2631578947368425,8.771929824561404,3.508771929824561,14.035087719298245
39,I Fall Apart,Post Malone,2018,sadness,18.181818181818183,9.090909090909092,18.181818181818183,12.121212121212121,3.0303030303030303,30.303030303030305,0.0,9.090909090909092
40,Pray for Me,The Weeknd,2018,fear,9.0,13.0,3.0,27.0,11.0,14.0,6.0,17.0
41,Back to You,Selena Gomez,2018,trust,14.285714285714286,7.142857142857143,7.142857142857143,10.714285714285714,10.714285714285714,14.285714285714286,14.285714285714286,21.428571428571427
