Rank,Song,Artist,Year,Main Emotion,anger,anticipation,disgust,fear,joy,sadness,surprise,trust,neutral,na
1,Wooly Bully,Sam the Sham,1965,surprise,0.0,0.0,0.0,0.0,0.0,0.0,50.0,0.0,50.0,0.0
2,I Can't Help Myself (Sugar Pie Honey Bunch),Four Tops,1965,anticipation,0.0,33.333333333333336,0.0,0.0,33.333333333333336,0.0,0.0,0.0,33.333333333333336,0.0
3,(I Can't Get No) Satisfaction,The Rolling Stones,1965,joy,14.285714285714286,14.285714285714286,0.0,0.0,28.571428571428573,14.285714285714286,0.0,14.285714285714286,14.285714285714286,0.0
4,You Were on My Mind,We Five,1965,fear,7.6923076923076925,7.6923076923076925,7.6923076923076925,23.076923076923077,7.6923076923076925,23.076923076923077,7.6923076923076925,7.6923076923076925,7.6923076923076925,0.0
5,You've Lost That Lovin' Feelin',The Righteous Brothers,1965,joy,0.0,0.0,0.0,0.0,83.33333333333333,0.0,0.0,0.0,16.666666666666668,0.0
6,Downtown,Petula Clark,1965,neutral,0.0,0.0,0.0,0.0,0.0,0.0,0.0,0.0,100.0,0.0
7,Help!,The Beatles,1965,fear,10.0,10.0,0.0,20.0,10.0,10.0,10.0,20.0,10.0,0.0
8,Can't You Hear My Heartbeat,Herman's Hermits,1965,joy,0.0,33.333333333333336,0.0,0.0,50.0,0.0,0.0,0.0,16.666666666666668,0.0
9,Crying in the Chapel,Elvis Presley,1965,joy,0.0,16.666666666666668,16.666666666666668,0.0,25.0,8.333333333333334,0.0,25.0,8.333333333333334,0.0
10,My Girl,The Temptations,1965,joy,12.5,12.5,0.0,0.0,25.0,12.5,12.5,12.5,12.5,0.0
11,Help Me Rhonda,The Beach Boys,1965,anticipation,0.0,50.0,0.0,0.0,0.0,0.0,0.0,0.0,50.0,0.0
12,King of the Road,Roger Miller,1965,neutral,0.0,0.0,0.0,0.0,0.0,0.0,0.0,0.0,100.0,0.0
13,The Birds and the Bees,Jewel Akens,1965,anticipation,0.0,25.0,0.0,0.0,25.0,0.0,0.0,25.0,25.0,0.0
14,Hold Me Thrill Me Kiss Me,Mel Carter,1965,fear,0.0,12.5,0.0,25.0,25.0,12.5,12.5,0.0,12.5,0.0
15,Shotgun,Junior Walker,1965,anticipation,5.882352941176471,29.41176470588235,0.0,0.0,29.41176470588235,0.0,11.764705882352942,17.647058823529413,5.882352941176471,0.0
16,I Got You Babe,Sonny,1965,anticipation,0.0,40.0,0.0,0.0,40.0,0.0,0.0,0.0,20.0,0.0
17,This Diamond Ring,Gary Lewis,1965,joy,12.5,0.0,0.0,0.0,50.0,0.0,0.0,25.0,12.5,0.0
18,The 'In' Crowd,Ramsey Lewis Trio,1965,anticipation,0.0,30.0,0.0,0.0,20.0,0.0,10.0,30.0,10.0,0.0
19,Mrs. Brown You've Got a Lovely Daughter,Herman's Hermits,1965,anticipation,0.0,22.22222222222222,0.0,0.0,22.22222222222222,11.11111111111111,16.666666666666668,22.22222222222222,5.555555555555555,0.0
20,Stop! In the Name of Love,The Supremes,1965,anticipation,0.0,26.31578947368421,0.0,5.2631578947368425,26.31578947368421,0.0,15.789473684210526,21.05263157894737,5.2631578947368425,0.0
21,Unchained Melody,The Righteous Brothers,1965,anticipation,6.666666666666667,26.666666666666668,6.666666666666667,13.333333333333334,20.0,6.666666666666667,0.0,13.333333333333334,6.666666666666667,0.0
22,Silhouettes,Herman's Hermits,1965,surprise,13.333333333333334,13.333333333333334,0.0,6.666666666666667,13.333333333333334,13.333333333333334,20.0,13.333333333333334,6.666666666666667,0.0
23,I'll Never Find Another You,The Seekers,1965,anticipation,9.090909090909092,27.272727272727273,0.0,0.0,27.272727272727273,0.0,9.090909090909092,18.181818181818183,9.090909090909092,0.0
24,Cara Mia,Jay,1965,joy,0.0,20.0,0.0,0.0,40.0,0.0,0.0,20.0,20.0,0.0
25,Mr. Tambourine Man,The Byrds,1965,anticipation,0.0,50.0,0.0,0.0,0.0,0.0,25.0,0.0,25.0,0.0
26,Cast Your Fate to the Wind,Sounds Orchestral,1965,anticipation,0.0,50.0,0.0,0.0,0.0,0.0,0.0,0.0,50.0,0.0
27,Yes I'm Ready,Barbara Mason,1965,joy,0.0,25.0,0.0,0.0,50.0,0.0,0.0,0.0,25.0,0.0
28,What's New Pussycat?,Tom Jones,1965,joy,0.0,12.5,0.0,0.0,37.5,0.0,12.5,25.0,12.5,0.0
29,Eve of Destruction,Barry McGuire,1965,anger,30.76923076923077,0.0,15.384615384615385,23.076923076923077,0.0,23.076923076923077,0.0,0.0,7.6923076923076925,0.0
30,Hang On Sloopy,The McCoys,1965,joy,10.0,10.0,10.0,10.0,20.0,10.0,10.0,10.0,10.0,0.0
31,Ticket to Ride,The Beatles,1965,anger,16.666666666666668,0.0,16.666666666666668,16.666666666666668,16.666666666666668,16.666666666666668,0.0,0.0,16.666666666666668,0.0
32,Red Roses for a Blue Lady,Bert Kaempfert,1965,sadness,0.0,9.090909090909092,0.0,9.090909090909092,18.181818181818183,36.36363636363637,9.090909090909092,9.090909090909092,9.090909090909092,0.0
33,Papa's Got a Brand New Bag,James Brown,1965,anger,22.727272727272727,18.181818181818183,4.545454545454546,9.090909090909092,9.090909090909092,4.545454545454546,9.090909090909092,18.181818181818183,4.545454545454546,0.0
34,Game of Love,Wayne Fontana,1965,joy,0.0,12.5,0.0,0.0,75.0,0.0,0.0,0.0,12.5,0.0
35,The Name Game,Shirley Ellis,1965,anger,75.0,0.0,0.0,0.0,0.0,0.0,0.0,0.0,25.0,0.0
36,I Know a Place,Petula Clark,1965,anticipation,9.090909090909092,18.181818181818183,0.0,0.0,18.181818181818183,9.090909090909092,18.181818181818183,18.181818181818183,9.090909090909092,0.0
37,Back in My Arms Again,The Supremes,1965,joy,0.0,18.75,6.25,6.25,31.25,6.25,6.25,18.75,6.25,0.0
38,Baby I'm Yours,Barbara Lewis,1965,anticipation,0.0,40.0,0.0,0.0,40.0,0.0,0.0,0.0,20.0,0.0
39,The Jolly Green Giant,The Kingsmen,1965,joy,0.0,12.5,0.0,12.5,37.5,0.0,12.5,12.5,12.5,0.0
40,Hush Hush Sweet Charlotte,Patti Page,1965,joy,0.0,18.181818181818183,9.090909090909092,0.0,36.36363636363637,0.0,0.0,27.272727272727273,9.090909090909092,0.0
41,Like a Rolling Stone,Bob Dylan,1965,anticipation,8.333333333333334,25.0,0.0,0.0,25.0,0.0,16.666666666666668,16.666666666666668,8.333333333333334,0.0
42,I'm Telling You Now,Freddie,1965,joy,0.0,0.0,0.0,0.0,50.0,0.0,0.0,0.0,50.0,0.0
43,Ferry Cross the Mersey,Gerry,1965,disgust,0.0,0.0,50.0,0.0,0.0,0.0,0.0,0.0,50.0,0.0
44,Just Once in My Life,The Righteous Brothers,1965,joy,0.0,10.0,0.0,0.0,50.0,0.0,10.0,20.0,10.0,0.0
45,The Seventh Son,Johnny Rivers,1965,joy,0.0,16.666666666666668,16.666666666666668,0.0,25.0,16.666666666666668,8.333333333333334,8.333333333333334,8.333333333333334,0.0
46,I'm Henry the Eighth I Am,Herman's Hermits,1965,sadness,0.0,0.0,0.0,0.0,0.0,50.0,0.0,0.0,50.0,0.0
47,A Walk in the Black Forest,Horst Jankowski,1965,joy,0.0,25.0,0.0,0.0,50.0,0.0,0.0,12.5,12.5,0.0
48,For Your Love,The Yardbirds,1965,joy,0.0,25.0,0.0,0.0,37.5,0.0,12.5,12.5,12.5,0.0
49,California Girls,The Beach Boys,1965,neutral,0.0,0.0,0.0,0.0,0.0,0.0,0.0,0.0,100.0,0.0
50,Go Now,The Moody Blues,1965,joy,0.0,0.0,0.0,0.0,50.0,0.0,0.0,25.0,25.0,0.0
51,Goldfinger,Shirley Bassey,1965,disgust,12.5,12.5,18.75,18.75,6.25,12.5,12.5,0.0,6.25,0.0
52,Down in the Boondocks,Billy Joe Royal,1965,disgust,14.285714285714286,0.0,28.571428571428573,14.285714285714286,0.0,14.285714285714286,0.0,14.285714285714286,14.285714285714286,0.0
53,Baby the Rain Must Fall,Glenn Yarbrough,1965,anticipation,0.0,33.333333333333336,0.0,0.0,33.333333333333336,0.0,0.0,0.0,33.333333333333336,0.0
54,Catch Us If You Can,The Dave Clark Five,1965,anticipation,16.666666666666668,33.333333333333336,16.666666666666668,0.0,16.666666666666668,0.0,0.0,0.0,16.666666666666668,0.0
55,Eight Days a Week,The Beatles,1965,joy,0.0,16.666666666666668,0.0,0.0,33.333333333333336,0.0,16.666666666666668,16.666666666666668,16.666666666666668,0.0
56,Just a Little,The Beau Brummels,1965,joy,0.0,16.666666666666668,0.0,0.0,33.333333333333336,0.0,16.666666666666668,16.666666666666668,16.666666666666668,0.0
57,You Turn Me On,Ian Whitcomb,1965,anger,25.0,0.0,0.0,0.0,25.0,0.0,25.0,0.0,25.0,0.0
58,I'll Be Doggone,Marvin Gaye,1965,joy,4.545454545454546,18.181818181818183,0.0,0.0,36.36363636363637,0.0,9.090909090909092,27.272727272727273,4.545454545454546,0.0
59,Save Your Heart for Me,Gary Lewis,1965,fear,0.0,0.0,0.0,33.333333333333336,33.333333333333336,0.0,0.0,0.0,33.333333333333336,0.0
60,Tired of Waiting for You,The Kinks,1965,anger,16.666666666666668,16.666666666666668,16.666666666666668,16.666666666666668,0.0,16.666666666666668,0.0,0.0,16.666666666666668,0.0
61,Count Me In,Gary Lewis,1965,joy,0.0,0.0,0.0,0.0,25.0,25.0,0.0,25.0,25.0,0.0
62,All Day and All of the Night,The Kinks,1965,anticipation,0.0,25.0,0.0,0.0,25.0,0.0,0.0,25.0,25.0,0.0
63,What the World Needs Now Is Love,Jackie DeShannon,1965,anticipation,0.0,33.333333333333336,16.666666666666668,0.0,16.666666666666668,0.0,0.0,16.666666666666668,16.666666666666668,0.0
64,It's Not Unusual,Tom Jones,1965,anger,21.428571428571427,21.428571428571427,7.142857142857143,14.285714285714286,14.285714285714286,14.285714285714286,0.0,0.0,7.142857142857143,0.0
65,She's About a Mover,Sir Douglas Quintet,1965,joy,0.0,0.0,0.0,0.0,50.0,0.0,0.0,0.0,50.0,0.0
66,Shake,Sam Cooke,1965,joy,12.5,12.5,0.0,0.0,25.0,0.0,12.5,25.0,12.5,0.0
67,Wonderful World,Herman's Hermits,1965,joy,0.0,0.0,0.0,0.0,40.0,0.0,20.0,20.0,20.0,0.0
68,Nowhere to Run,Martha,1965,joy,0.0,18.181818181818183,0.0,0.0,45.45454545454545,0.0,9.090909090909092,18.181818181818183,9.090909090909092,0.0
69,Heart Full of Soul,The Yardbirds,1965,sadness,8.333333333333334,16.666666666666668,16.666666666666668,16.666666666666668,0.0,33.333333333333336,0.0,0.0,8.333333333333334,0.0
70,Love Potion No. 9,The Searchers,1965,joy,0.0,0.0,25.0,0.0,50.0,0.0,0.0,0.0,25.0,0.0
71,Laurie (Strange Things Happen),Dickey Lee,1965,joy,0.0,17.647058823529413,0.0,5.882352941176471,29.41176470588235,11.764705882352942,17.647058823529413,11.764705882352942,5.882352941176471,0.0
72,Baby Don't Go,Sonny,1965,joy,7.142857142857143,21.428571428571427,0.0,0.0,28.571428571428573,7.142857142857143,7.142857142857143,21.428571428571427,7.142857142857143,0.0
73,It Ain't Me Babe,The Turtles,1965,trust,0.0,0.0,0.0,0.0,0.0,0.0,0.0,50.0,50.0,0.0
74,Tell Her No,The Zombies,1965,joy,0.0,0.0,0.0,0.0,50.0,0.0,0.0,25.0,25.0,0.0
75,I Go to Pieces,Peter,1965,joy,14.285714285714286,7.142857142857143,7.142857142857143,14.285714285714286,28.571428571428573,7.142857142857143,0.0,14.285714285714286,7.142857142857143,0.0
76,Red Roses for a Blue Lady,Vic Dana,1965,sadness,0.0,9.090909090909092,0.0,9.090909090909092,18.181818181818183,36.36363636363637,9.090909090909092,9.090909090909092,9.090909090909092,0.0
77,Don't Just Stand There,Patty Duke,1965,anger,11.11111111111111,11.11111111111111,11.11111111111111,11.11111111111111,11.11111111111111,11.11111111111111,11.11111111111111,11.11111111111111,11.11111111111111,0.0
78,The Tracks of My Tears,The Miracles,1965,joy,0.0,18.181818181818183,0.0,0.0,27.272727272727273,9.090909090909092,18.181818181818183,18.181818181818183,9.090909090909092,0.0
79,Too Many Rivers,Brenda Lee,1965,joy,0.0,0.0,0.0,0.0,50.0,0.0,0.0,0.0,50.0,0.0
80,I Like It Like That,The Dave Clark Five,1965,sadness,14.285714285714286,14.285714285714286,0.0,14.285714285714286,0.0,28.571428571428573,14.285714285714286,0.0,14.285714285714286,0.0
81,Little Things,Bobby Goldsboro,1965,joy,0.0,16.666666666666668,0.0,0.0,50.0,0.0,0.0,16.666666666666668,16.666666666666668,0.0
82,True Love Ways,Peter,1965,joy,0.0,14.285714285714286,0.0,0.0,42.857142857142854,0.0,0.0,28.571428571428573,14.285714285714286,0.0
83,It's the Same Old Song,Four Tops,1965,joy,0.0,19.047619047619047,0.0,0.0,33.333333333333336,9.523809523809524,14.285714285714286,19.047619047619047,4.761904761904762,0.0
84,You've Got Your Troubles,The Fortunes,1965,sadness,7.142857142857143,7.142857142857143,7.142857142857143,7.142857142857143,21.428571428571427,28.571428571428573,0.0,14.285714285714286,7.142857142857143,0.0
85,Hold What You've Got,Joe Tex,1965,anticipation,0.0,20.0,0.0,0.0,20.0,0.0,20.0,20.0,20.0,0.0
86,We Gotta Get out of This Place,The Animals,1965,joy,0.0,11.11111111111111,11.11111111111111,0.0,33.333333333333336,0.0,11.11111111111111,22.22222222222222,11.11111111111111,0.0
87,Laugh Laugh,The Beau Brummels,1965,anger,13.043478260869565,13.043478260869565,13.043478260869565,8.695652173913043,13.043478260869565,13.043478260869565,8.695652173913043,13.043478260869565,4.3478260869565215,0.0
88,The Last Time,The Rolling Stones,1965,surprise,0.0,20.0,0.0,0.0,0.0,0.0,40.0,20.0,20.0,0.0
89,Do You Believe in Magic,The Lovin' Spoonful,1965,joy,0.0,18.181818181818183,0.0,9.090909090909092,27.272727272727273,18.181818181818183,9.090909090909092,9.090909090909092,9.090909090909092,0.0
90,All I Really Want to Do,Cher,1965,anger,22.22222222222222,11.11111111111111,11.11111111111111,11.11111111111111,11.11111111111111,11.11111111111111,11.11111111111111,0.0,11.11111111111111,0.0
91,Take Me Back,Little Anthony,1965,anger,40.0,0.0,30.0,0.0,10.0,0.0,0.0,10.0,10.0,0.0
92,I Want Candy,The Strangeloves,1965,anticipation,0.0,20.0,0.0,10.0,20.0,0.0,20.0,20.0,10.0,0.0
93,Ooo Baby Baby,The Miracles,1965,anticipation,0.0,20.0,0.0,0.0,20.0,0.0,20.0,20.0,20.0,0.0
94,Laugh at Me,Sonny,1965,joy,16.666666666666668,16.666666666666668,0.0,16.666666666666668,33.333333333333336,0.0,0.0,0.0,16.666666666666668,0.0
95,Treat Her Right,Roy Head,1965,anticipation,0.0,25.0,0.0,0.0,25.0,0.0,12.5,25.0,12.5,0.0
96,The Race Is On,Jack Jones,1965,anticipation,0.0,12.5,12.5,12.5,12.5,12.5,12.5,12.5,12.5,0.0
97,I'm a Fool,Dino Desi,1965,joy,6.666666666666667,13.333333333333334,20.0,6.666666666666667,33.333333333333336,6.666666666666667,0.0,6.666666666666667,6.666666666666667,0.0
98,The Boy from New York City,The Ad Libs,1965,anticipation,0.0,25.0,12.5,0.0,25.0,0.0,12.5,12.5,12.5,0.0
99,Keep Searchin' (We'll Follow the Sun),Del Shannon,1965,joy,10.0,10.0,10.0,10.0,20.0,10.0,10.0,10.0,10.0,0.0
100,How Sweet It Is (To Be Loved by You),Marvin Gaye,1965,joy,0.0,16.666666666666668,0.0,0.0,33.333333333333336,0.0,16.666666666666668,25.0,8.333333333333334,0.0
1,California Dreamin',The Mamas,1966,joy,0.0,12.5,12.5,0.0,25.0,12.5,0.0,25.0,12.5,0.0
2,96 Tears,?,1966,sadness,0.0,20.0,0.0,0.0,10.0,30.0,10.0,20.0,10.0,0.0
3,What Becomes of the Brokenhearted,Jimmy Ruffin,1966,joy,10.526315789473685,15.789473684210526,0.0,10.526315789473685,26.31578947368421,10.526315789473685,5.2631578947368425,15.789473684210526,5.2631578947368425,0.0
4,Last Train to Clarksville,The Monkees,1966,anger,33.333333333333336,33.333333333333336,0.0,0.0,0.0,0.0,0.0,0.0,33.333333333333336,0.0
5,Reach Out I'll Be There,Four Tops,1966,joy,0.0,21.428571428571427,0.0,7.142857142857143,28.571428571428573,7.142857142857143,14.285714285714286,14.285714285714286,7.142857142857143,0.0
6,These Boots Are Made for Walkin',Nancy Sinatra,1966,anticipation,0.0,40.0,0.0,0.0,20.0,0.0,0.0,20.0,20.0,0.0
7,Cherish,The Association,1966,trust,9.090909090909092,18.181818181818183,0.0,0.0,18.181818181818183,0.0,18.181818181818183,27.272727272727273,9.090909090909092,0.0
8,Strangers in the Night,Frank Sinatra,1966,joy,8.333333333333334,8.333333333333334,8.333333333333334,8.333333333333334,25.0,8.333333333333334,16.666666666666668,8.333333333333334,8.333333333333334,0.0
9,Kicks,Paul Revere,1966,anticipation,0.0,20.0,0.0,0.0,20.0,20.0,0.0,20.0,20.0,0.0
10,Ballad of the Green Berets,SSgt. Barry Sadler,1966,anger,25.0,0.0,0.0,25.0,0.0,25.0,0.0,0.0,25.0,0.0
11,Good Lovin',The Young Rascals,1966,joy,4.166666666666667,16.666666666666668,4.166666666666667,8.333333333333334,20.833333333333332,4.166666666666667,16.666666666666668,20.833333333333332,4.166666666666667,0.0
12,(You're My) Soul and Inspiration,The Righteous Brothers,1966,joy,0.0,25.0,0.0,0.0,37.5,0.0,12.5,12.5,12.5,0.0
13,You Can't Hurry Love,The Supremes,1966,joy,0.0,25.0,0.0,8.333333333333334,33.333333333333336,8.333333333333334,8.333333333333334,8.333333333333334,8.333333333333334,0.0
14,Sunny,Bobby Hebb,1966,joy,0.0,17.391304347826086,0.0,8.695652173913043,30.434782608695652,8.695652173913043,17.391304347826086,13.043478260869565,4.3478260869565215,0.0
15,See You In September,The Happenings,1966,anticipation,0.0,36.36363636363637,0.0,9.090909090909092,18.181818181818183,9.090909090909092,9.090909090909092,9.090909090909092,9.090909090909092,0.0
16,Li'l Red Riding Hood,Sam the Sham,1966,anger,11.11111111111111,11.11111111111111,11.11111111111111,11.11111111111111,11.11111111111111,11.11111111111111,11.11111111111111,11.11111111111111,11.11111111111111,0.0
17,Lightnin' Strikes,Lou Christie,1966,anticipation,11.11111111111111,22.22222222222222,22.22222222222222,11.11111111111111,11.11111111111111,0.0,11.11111111111111,0.0,11.11111111111111,0.0
18,Poor Side of Town,Johnny Rivers,1966,disgust,0.0,0.0,33.333333333333336,0.0,33.333333333333336,0.0,0.0,0.0,33.333333333333336,0.0
19,Working In The Coal Mine,Lee Dorsey,1966,anticipation,0.0,25.0,25.0,0.0,0.0,0.0,0.0,25.0,25.0,0.0
20,A Groovy Kind of Love,The Mindbenders,1966,joy,9.090909090909092,9.090909090909092,0.0,18.181818181818183,27.272727272727273,18.181818181818183,0.0,9.090909090909092,9.090909090909092,0.0
21,You Don't Have To Say You Love Me,Dusty Springfield,1966,fear,0.0,0.0,0.0,33.333333333333336,0.0,33.333333333333336,0.0,0.0,33.333333333333336,0.0
22,Sunshine Superman,Donovan,1966,joy,0.0,22.22222222222222,0.0,0.0,44.44444444444444,0.0,0.0,22.22222222222222,11.11111111111111,0.0
23,Born a Woman,Sandy Posey,1966,anticipation,0.0,25.0,25.0,0.0,25.0,0.0,0.0,0.0,25.0,0.0
24,Monday Monday,The Mamas,1966,anticipation,0.0,42.857142857142854,0.0,0.0,14.285714285714286,0.0,14.285714285714286,14.285714285714286,14.285714285714286,0.0
25,Red Rubber Ball,The Cyrkle,1966,anticipation,12.5,25.0,0.0,0.0,25.0,0.0,12.5,12.5,12.5,0.0
26,Born Free,Roger Williams,1966,anticipation,0.0,33.333333333333336,0.0,0.0,33.333333333333336,0.0,0.0,16.666666666666668,16.666666666666668,0.0
27,Walk Away Renée,The Left Banke,1966,sadness,0.0,0.0,0.0,25.0,0.0,50.0,0.0,0.0,25.0,0.0
28,Cool Jerk,The Capitols,1966,neutral,0.0,0.0,0.0,0.0,0.0,0.0,0.0,0.0,100.0,0.0
29,B-A-B-Y,Carla Thomas,1966,joy,0.0,20.0,0.0,0.0,33.333333333333336,0.0,20.0,20.0,6.666666666666667,0.0
30,Hanky Panky,Tommy James,1966,joy,0.0,20.0,0.0,0.0,40.0,0.0,0.0,20.0,20.0,0.0
31,When a Man Loves a Woman,Percy Sledge,1966,joy,8.333333333333334,8.333333333333334,16.666666666666668,8.333333333333334,25.0,8.333333333333334,8.333333333333334,8.333333333333334,8.333333333333334,0.0
32,Time Won't Let Me,The Outsiders,1966,anticipation,0.0,33.333333333333336,0.0,0.0,0.0,16.666666666666668,16.666666666666668,16.666666666666668,16.666666666666668,0.0
33,Bus Stop,The Hollies,1966,joy,6.666666666666667,13.333333333333334,0.0,6.666666666666667,33.333333333333336,0.0,13.333333333333334,20.0,6.666666666666667,0.0
34,Paint It Black,The Rolling Stones,1966,joy,7.6923076923076925,7.6923076923076925,0.0,7.6923076923076925,23.076923076923077,23.076923076923077,7.6923076923076925,15.384615384615385,7.6923076923076925,0.0
35,Summer In The City,The Lovin' Spoonful,1966,anger,33.333333333333336,0.0,0.0,0.0,0.0,33.333333333333336,0.0,0.0,33.333333333333336,0.0
36,I'm So Lonesome I Could Cry,B. J. Thomas,1966,na,0,0,0,0,0,0,0,0,0,100
37,My Love,Petula Clark,1966,joy,0.0,0.0,0.0,0.0,50.0,0.0,0.0,0.0,50.0,0.0
38,Daydream,The Lovin' Spoonful,1966,anticipation,0.0,40.0,10.0,0.0,20.0,0.0,10.0,10.0,10.0,0.0
39,Ain't Too Proud to Beg,The Temptations,1966,joy,0.0,15.384615384615385,0.0,0.0,53.84615384615385,0.0,7.6923076923076925,15.384615384615385,7.6923076923076925,0.0
40,Wild Thing,The Troggs,1966,surprise,0.0,0.0,0.0,0.0,0.0,0.0,50.0,0.0,50.0,0.0
41,Elusive Butterfly,Bob Lind,1966,anticipation,0.0,33.333333333333336,0.0,0.0,33.333333333333336,0.0,0.0,0.0,33.333333333333336,0.0
42,I Am a Rock,Simon,1966,trust,7.6923076923076925,0.0,0.0,15.384615384615385,23.076923076923077,15.384615384615385,0.0,30.76923076923077,7.6923076923076925,0.0
43,Dirty Water,The Standells,1966,anger,20.0,20.0,20.0,0.0,20.0,0.0,0.0,0.0,20.0,0.0
44,Hooray for Hazel,Tommy Roe,1966,joy,15.0,10.0,5.0,15.0,20.0,20.0,5.0,5.0,5.0,0.0
45,Crying Time,Ray Charles,1966,anticipation,0.0,36.36363636363637,0.0,9.090909090909092,18.181818181818183,9.090909090909092,9.090909090909092,9.090909090909092,9.090909090909092,0.0
46,Sweet Pea,Tommy Roe,1966,joy,0.0,16.666666666666668,0.0,4.166666666666667,29.166666666666668,4.166666666666667,16.666666666666668,25.0,4.166666666666667,0.0
47,Secret Agent Man,Johnny Rivers,1966,anticipation,6.666666666666667,20.0,6.666666666666667,20.0,13.333333333333334,13.333333333333334,0.0,13.333333333333334,6.666666666666667,0.0
48,Did You Ever Have to Make Up Your Mind?,The Lovin' Spoonful,1966,trust,12.5,12.5,0.0,0.0,12.5,12.5,12.5,25.0,12.5,0.0
49,We Can Work It Out,The Beatles,1966,anticipation,7.6923076923076925,23.076923076923077,0.0,7.6923076923076925,23.076923076923077,0.0,15.384615384615385,15.384615384615385,7.6923076923076925,0.0
50,Homeward Bound,Simon,1966,joy,6.666666666666667,13.333333333333334,0.0,13.333333333333334,26.666666666666668,20.0,6.666666666666667,6.666666666666667,6.666666666666667,0.0
51,Uptight (Everything's Alright),Stevie Wonder,1966,joy,0.0,0.0,0.0,0.0,60.0,0.0,0.0,20.0,20.0,0.0
52,Bang Bang (My Baby Shot Me Down),Cher,1966,joy,12.5,12.5,8.333333333333334,12.5,16.666666666666668,16.666666666666668,4.166666666666667,12.5,4.166666666666667,0.0
53,Sloop John B,The Beach Boys,1966,trust,12.5,0.0,12.5,12.5,0.0,12.5,0.0,37.5,12.5,0.0
54,19th Nervous Breakdown,The Rolling Stones,1966,joy,0.0,20.0,0.0,0.0,30.0,10.0,0.0,30.0,10.0,0.0
55,Wipe Out,The Surfaris,1966,na,0,0,0,0,0,0,0,0,0,100
56,Psychotic Reaction,Count Five,1966,anger,23.076923076923077,0.0,15.384615384615385,23.076923076923077,7.6923076923076925,23.076923076923077,0.0,0.0,7.6923076923076925,0.0
57,Paperback Writer,The Beatles,1966,disgust,0.0,16.666666666666668,33.333333333333336,0.0,0.0,0.0,16.666666666666668,16.666666666666668,16.666666666666668,0.0
58,Beauty Is Only Skin Deep,The Temptations,1966,joy,7.6923076923076925,15.384615384615385,0.0,0.0,38.46153846153846,0.0,7.6923076923076925,23.076923076923077,7.6923076923076925,0.0
59,No Matter What Shape (Your Stomach's In),The T-Bones,1966,anticipation,0.0,20.0,20.0,0.0,20.0,0.0,0.0,20.0,20.0,0.0
60,Barefootin',Robert Parker,1966,anger,12.5,12.5,12.5,12.5,12.5,12.5,0.0,12.5,12.5,0.0
61,Just Like Me,Paul Revere,1966,joy,0.0,15.384615384615385,7.6923076923076925,0.0,30.76923076923077,0.0,15.384615384615385,23.076923076923077,7.6923076923076925,0.0
62,Love Makes the World Go Round,Deon Jackson,1966,joy,0.0,9.090909090909092,9.090909090909092,0.0,45.45454545454545,0.0,9.090909090909092,18.181818181818183,9.090909090909092,0.0
63,The Pied Piper,Crispian St. Peters,1966,fear,0.0,0.0,0.0,20.0,20.0,20.0,0.0,20.0,20.0,0.0
64,Somewhere My Love,Ray Conniff Singers,1966,joy,0.0,25.0,0.0,0.0,33.333333333333336,0.0,16.666666666666668,16.666666666666668,8.333333333333334,0.0
65,Almost Persuaded,David Houston,1966,joy,0.0,14.285714285714286,0.0,0.0,28.571428571428573,0.0,14.285714285714286,28.571428571428573,14.285714285714286,0.0
66,If I Were a Carpenter,Bobby Darin,1966,anticipation,0.0,20.0,0.0,20.0,20.0,20.0,0.0,10.0,10.0,0.0
67,Don't Mess with Bill,The Marvelettes,1966,anticipation,0.0,50.0,0.0,0.0,0.0,0.0,0.0,25.0,25.0,0.0
68,Cherry Cherry,Neil Diamond,1966,joy,0.0,14.285714285714286,0.0,0.0,42.857142857142854,14.285714285714286,14.285714285714286,0.0,14.285714285714286,0.0
69,Message to Michael,Dionne Warwick,1966,anticipation,0.0,28.571428571428573,0.0,0.0,28.571428571428573,0.0,0.0,28.571428571428573,14.285714285714286,0.0
70,Love Is a Hurtin' Thing,Lou Rawls,1966,anticipation,0.0,22.22222222222222,11.11111111111111,0.0,11.11111111111111,22.22222222222222,22.22222222222222,0.0,11.11111111111111,0.0
71,Gloria,The Shadows of Knight,1966,joy,0.0,14.285714285714286,0.0,0.0,28.571428571428573,0.0,14.285714285714286,28.571428571428573,14.285714285714286,0.0
72,My World Is Empty Without You,The Supremes,1966,fear,8.333333333333334,8.333333333333334,0.0,25.0,16.666666666666668,16.666666666666668,0.0,16.666666666666668,8.333333333333334,0.0
73,Barbara Ann,The Beach Boys,1966,neutral,0.0,0.0,0.0,0.0,0.0,0.0,0.0,0.0,100.0,0.0
74,Rainy Day Women #12 & 35,Bob Dylan,1966,surprise,0.0,18.75,0.0,12.5,18.75,6.25,25.0,12.5,6.25,0.0
75,Guantanamera,The Sandpipers,1966,trust,0.0,0.0,0.0,0.0,0.0,0.0,0.0,50.0,50.0,0.0
76,I'm Your Puppet,James,1966,joy,0.0,12.5,0.0,0.0,25.0,12.5,12.5,25.0,12.5,0.0
77,Land of 1000 Dances,Wilson Pickett,1966,anticipation,11.11111111111111,33.333333333333336,0.0,0.0,11.11111111111111,0.0,11.11111111111111,22.22222222222222,11.11111111111111,0.0
78,Oh How Happy,The Shades of Blue,1966,sadness,20.0,0.0,0.0,20.0,20.0,26.666666666666668,0.0,6.666666666666667,6.666666666666667,0.0
79,Woman,Peter,1966,joy,15.384615384615385,15.384615384615385,7.6923076923076925,7.6923076923076925,23.076923076923077,7.6923076923076925,0.0,15.384615384615385,7.6923076923076925,0.0
80,You Baby,The Turtles,1966,joy,0.0,0.0,0.0,0.0,50.0,16.666666666666668,0.0,16.666666666666668,16.666666666666668,0.0
81,Sweet Talkin' Guy,The Chiffons,1966,joy,0.0,19.047619047619047,0.0,0.0,28.571428571428573,0.0,19.047619047619047,28.571428571428573,4.761904761904762,0.0
82,Five O'Clock World,The Vogues,1966,anticipation,0.0,50.0,0.0,0.0,0.0,0.0,0.0,25.0,25.0,0.0
83,Black Is Black,Los Bravos,1966,joy,7.6923076923076925,15.384615384615385,7.6923076923076925,7.6923076923076925,23.076923076923077,23.076923076923077,0.0,7.6923076923076925,7.6923076923076925,0.0
84,Nowhere Man,The Beatles,1966,anticipation,0.0,33.333333333333336,0.0,0.0,0.0,0.0,0.0,33.333333333333336,33.333333333333336,0.0
85,Dandy,Herman's Hermits,1966,disgust,0.0,12.5,62.5,0.0,12.5,0.0,0.0,0.0,12.5,0.0
86,Baby Scratch My Back,Slim Harpo,1966,joy,6.25,18.75,0.0,6.25,25.0,0.0,18.75,18.75,6.25,0.0
87,She's Just My Style,Gary Lewis,1966,anger,25.0,25.0,0.0,0.0,0.0,0.0,25.0,0.0,25.0,0.0
88,The More I See You,Chris Montez,1966,anger,21.428571428571427,14.285714285714286,0.0,7.142857142857143,21.428571428571427,21.428571428571427,7.142857142857143,0.0,7.142857142857143,0.0
89,I Fought the Law,Bobby Fuller Four,1966,anger,20.0,13.333333333333334,0.0,6.666666666666667,20.0,0.0,13.333333333333334,20.0,6.666666666666667,0.0
90,Yellow Submarine,The Beatles,1966,trust,0.0,12.5,0.0,0.0,25.0,0.0,12.5,37.5,12.5,0.0
91,Hungry,Paul Revere,1966,anticipation,0.0,26.08695652173913,0.0,0.0,26.08695652173913,0.0,17.391304347826086,26.08695652173913,4.3478260869565215,0.0
92,Zorba the Greek,Herb Alpert,1966,na,0,0,0,0,0,0,0,0,0,100
93,Shapes of Things,The Yardbirds,1966,sadness,16.666666666666668,16.666666666666668,8.333333333333334,8.333333333333334,8.333333333333334,25.0,0.0,8.333333333333334,8.333333333333334,0.0
94,Along Comes Mary,The Association,1966,surprise,10.714285714285714,14.285714285714286,3.5714285714285716,14.285714285714286,7.142857142857143,14.285714285714286,17.857142857142858,14.285714285714286,3.5714285714285716,0.0
95,634-5789 (Soulsville U.S.A.),Wilson Pickett,1966,disgust,11.11111111111111,0.0,22.22222222222222,11.11111111111111,22.22222222222222,11.11111111111111,0.0,11.11111111111111,11.11111111111111,0.0
96,Devil with a Blue Dress On/Good Golly Miss Molly,Mitch Ryder,1966,sadness,16.666666666666668,8.333333333333334,8.333333333333334,8.333333333333334,0.0,50.0,0.0,0.0,8.333333333333334,0.0
97,Wouldn't It Be Nice,The Beach Boys,1966,joy,0.0,20.0,0.0,0.0,40.0,0.0,10.0,25.0,5.0,0.0
98,This Old Heart of Mine,The Isley Brothers,1966,sadness,14.285714285714286,14.285714285714286,7.142857142857143,14.285714285714286,14.285714285714286,21.428571428571427,0.0,7.142857142857143,7.142857142857143,0.0
99,Green Grass,Gary Lewis,1966,joy,0.0,11.11111111111111,0.0,0.0,44.44444444444444,0.0,11.11111111111111,22.22222222222222,11.11111111111111,0.0
100,A Well Respected Man,The Kinks,1966,anticipation,0.0,30.0,0.0,0.0,20.0,10.0,10.0,20.0,10.0,0.0
1,To Sir With Love,Lulu,1967,anticipation,0.0,37.5,0.0,0.0,25.0,0.0,0.0,25.0,12.5,0.0
2,The Letter,The Box Tops,1967,anticipation,11.11111111111111,22.22222222222222,11.11111111111111,11.11111111111111,22.22222222222222,11.11111111111111,0.0,0.0,11.11111111111111,0.0
3,Ode to Billie Joe,Bobbie Gentry,1967,anticipation,0.0,25.0,0.0,0.0,0.0,25.0,0.0,25.0,25.0,0.0
4,Windy,The Association,1967,fear,0.0,0.0,0.0,50.0,0.0,0.0,0.0,0.0,50.0,0.0
5,I'm a Believer,The Monkees,1967,sadness,0.0,0.0,9.090909090909092,18.181818181818183,18.181818181818183,27.272727272727273,0.0,18.181818181818183,9.090909090909092,0.0
6,Light My Fire,The Doors,1967,disgust,0.0,11.11111111111111,22.22222222222222,22.22222222222222,22.22222222222222,11.11111111111111,0.0,0.0,11.11111111111111,0.0
7,Somethin' Stupid,Frank,1967,sadness,0.0,25.0,0.0,0.0,0.0,50.0,0.0,0.0,25.0,0.0
8,Happy Together,The Turtles,1967,joy,0.0,16.666666666666668,0.0,0.0,33.333333333333336,16.666666666666668,0.0,16.666666666666668,16.666666666666668,0.0
9,Groovin',The Young Rascals,1967,anticipation,0.0,40.0,0.0,0.0,30.0,0.0,10.0,10.0,10.0,0.0
10,Can't Take My Eyes off You,Frankie Valli,1967,joy,7.142857142857143,17.857142857142858,3.5714285714285716,7.142857142857143,28.571428571428573,3.5714285714285716,3.5714285714285716,25.0,3.5714285714285716,0.0
11,Little Bit O' Soul,The Music Explosion,1967,disgust,0.0,0.0,50.0,0.0,0.0,0.0,0.0,0.0,50.0,0.0
12,I Think We're Alone Now,Tommy James,1967,anger,20.0,0.0,0.0,20.0,0.0,20.0,0.0,20.0,20.0,0.0
13,Respect,Aretha Franklin,1967,joy,14.285714285714286,14.285714285714286,0.0,0.0,28.571428571428573,0.0,14.285714285714286,14.285714285714286,14.285714285714286,0.0
14,I Was Made to Love Her,Stevie Wonder,1967,joy,0.0,27.272727272727273,0.0,0.0,45.45454545454545,0.0,9.090909090909092,9.090909090909092,9.090909090909092,0.0
15,Come Back When You Grow Up,Bobby Vee,1967,joy,0.0,14.285714285714286,0.0,0.0,28.571428571428573,14.285714285714286,14.285714285714286,14.285714285714286,14.285714285714286,0.0
16,Kind of a Drag,The Buckinghams,1967,joy,0.0,0.0,0.0,0.0,33.333333333333336,33.333333333333336,0.0,0.0,33.333333333333336,0.0
17,Sweet Soul Music,Arthur Conley,1967,joy,8.571428571428571,14.285714285714286,8.571428571428571,8.571428571428571,17.142857142857142,11.428571428571429,14.285714285714286,14.285714285714286,2.857142857142857,0.0
18,Expressway to Your Heart,The Soul Survivors,1967,joy,0.0,16.666666666666668,0.0,0.0,50.0,0.0,0.0,16.666666666666668,16.666666666666668,0.0
19,Soul Man,Sam,1967,trust,0.0,20.0,0.0,0.0,20.0,0.0,20.0,30.0,10.0,0.0
20,Never My Love,The Association,1967,anticipation,0.0,33.333333333333336,0.0,0.0,33.333333333333336,0.0,0.0,0.0,33.333333333333336,0.0
21,Apples Peaches Pumpkin Pie,Jay,1967,fear,0.0,21.428571428571427,0.0,28.571428571428573,21.428571428571427,0.0,14.285714285714286,7.142857142857143,7.142857142857143,0.0
22,Come on Down to My Boat,Every Mother's Son,1967,joy,0.0,20.0,0.0,0.0,40.0,0.0,0.0,20.0,20.0,0.0
23,Incense and Peppermints,Strawberry Alarm Clock,1967,anger,37.5,12.5,0.0,0.0,12.5,0.0,12.5,12.5,12.5,0.0
24,Ruby Tuesday,The Rolling Stones,1967,anticipation,0.0,33.333333333333336,0.0,0.0,16.666666666666668,0.0,16.666666666666668,16.666666666666668,16.666666666666668,0.0
25,It Must Be Him,Vikki Carr,1967,anticipation,0.0,25.0,25.0,0.0,25.0,0.0,0.0,0.0,25.0,0.0
26,Love Is Here and Now You're Gone,The Supremes,1967,joy,5.555555555555555,11.11111111111111,5.555555555555555,11.11111111111111,22.22222222222222,16.666666666666668,5.555555555555555,16.666666666666668,5.555555555555555,0.0
27,For What It's Worth,Buffalo Springfield,1967,anger,33.333333333333336,16.666666666666668,0.0,33.333333333333336,0.0,0.0,0.0,0.0,16.666666666666668,0.0
28,Gimme Little Sign,Brenton Wood,1967,joy,0.0,0.0,0.0,0.0,37.5,25.0,0.0,25.0,12.5,0.0
29,The Happening,The Supremes,1967,joy,0.0,23.076923076923077,0.0,0.0,30.76923076923077,7.6923076923076925,7.6923076923076925,23.076923076923077,7.6923076923076925,0.0
30,All You Need Is Love,The Beatles,1967,joy,0.0,20.0,0.0,0.0,60.0,0.0,0.0,0.0,20.0,0.0
31,Release Me,Engelbert Humperdinck,1967,disgust,10.0,0.0,20.0,20.0,10.0,20.0,0.0,10.0,10.0,0.0
32,Your Precious Love,Marvin Gaye,1967,joy,0.0,30.76923076923077,0.0,0.0,46.15384615384615,0.0,15.384615384615385,0.0,7.6923076923076925,0.0
33,Somebody to Love,Jefferson Airplane,1967,joy,0.0,0.0,0.0,16.666666666666668,50.0,0.0,0.0,16.666666666666668,16.666666666666668,0.0
34,Get on Up,The Esquires,1967,joy,14.285714285714286,0.0,0.0,0.0,28.571428571428573,0.0,14.285714285714286,28.571428571428573,14.285714285714286,0.0
35,Brown Eyed Girl,Van Morrison,1967,fear,0.0,0.0,0.0,20.0,20.0,20.0,0.0,20.0,20.0,0.0
36,Jimmy Mack,Martha,1967,joy,0.0,0.0,0.0,0.0,33.333333333333336,0.0,0.0,33.333333333333336,33.333333333333336,0.0
37,I Got Rhythm,The Happenings,1967,anticipation,7.6923076923076925,15.384615384615385,7.6923076923076925,7.6923076923076925,15.384615384615385,7.6923076923076925,15.384615384615385,15.384615384615385,7.6923076923076925,0.0
38,A Whiter Shade of Pale,Procol Harum,1967,anger,33.333333333333336,0.0,0.0,0.0,0.0,0.0,0.0,33.333333333333336,33.333333333333336,0.0
39,Don't You Care,The Buckinghams,1967,joy,0.0,16.666666666666668,0.0,0.0,33.333333333333336,0.0,16.666666666666668,16.666666666666668,16.666666666666668,0.0
40,Then You Can Tell Me Goodbye,The Casinos,1967,neutral,0.0,0.0,0.0,0.0,0.0,0.0,0.0,0.0,100.0,0.0
41,Reflections,The Supremes,1967,anticipation,7.142857142857143,21.428571428571427,7.142857142857143,7.142857142857143,21.428571428571427,7.142857142857143,0.0,21.428571428571427,7.142857142857143,0.0
42,On a Carousel,The Hollies,1967,fear,0.0,12.5,0.0,25.0,12.5,12.5,25.0,0.0,12.5,0.0
43,Please Love Me Forever,Bobby Vinton,1967,sadness,0.0,12.5,12.5,12.5,12.5,25.0,0.0,12.5,12.5,0.0
44,Alfie,Dionne Warwick,1967,joy,7.6923076923076925,0.0,7.6923076923076925,7.6923076923076925,38.46153846153846,7.6923076923076925,0.0,23.076923076923077,7.6923076923076925,0.0
45,Silence Is Golden,The Tremeloes,1967,joy,0.0,10.0,0.0,20.0,30.0,0.0,10.0,20.0,10.0,0.0
46,My Cup Runneth Over,Ed Ames,1967,joy,0.0,0.0,0.0,0.0,50.0,0.0,0.0,0.0,50.0,0.0
47,Up Up and Away,The 5th Dimension,1967,joy,0.0,10.0,0.0,0.0,60.0,0.0,10.0,10.0,10.0,0.0
48,San Francisco (Be Sure to Wear Flowers in Your Hair),Scott McKenzie,1967,anticipation,0.0,40.0,0.0,0.0,20.0,0.0,0.0,20.0,20.0,0.0
49,The Rain The Park & Other Things,The Cowsills,1967,joy,0.0,22.22222222222222,0.0,0.0,33.333333333333336,0.0,16.666666666666668,22.22222222222222,5.555555555555555,0.0
50,There's a Kind of Hush,Herman's Hermits,1967,joy,0.0,10.0,0.0,0.0,50.0,0.0,10.0,20.0,10.0,0.0
51,Mercy Mercy Mercy,The Buckinghams,1967,joy,0.0,0.0,0.0,0.0,50.0,0.0,0.0,25.0,25.0,0.0
52,This Is My Song,Petula Clark,1967,joy,0.0,20.0,0.0,0.0,40.0,20.0,0.0,0.0,20.0,0.0
53,(Your Love Keeps Lifting Me) Higher and Higher,Jackie Wilson,1967,joy,0.0,12.5,12.5,0.0,37.5,12.5,0.0,12.5,12.5,0.0
54,I've Been Lonely Too Long,The Young Rascals,1967,anticipation,9.090909090909092,27.272727272727273,9.090909090909092,9.090909090909092,27.272727272727273,9.090909090909092,0.0,0.0,9.090909090909092,0.0
55,Penny Lane,The Beatles,1967,trust,0.0,8.333333333333334,0.0,8.333333333333334,16.666666666666668,16.666666666666668,0.0,41.666666666666664,8.333333333333334,0.0
56,You're My Everything,The Temptations,1967,joy,0.0,16.666666666666668,0.0,0.0,41.666666666666664,8.333333333333334,16.666666666666668,8.333333333333334,8.333333333333334,0.0
57,Georgy Girl,The Seekers,1967,anticipation,0.0,25.0,0.0,25.0,25.0,12.5,0.0,0.0,12.5,0.0
58,Western Union,Five Americans,1967,anticipation,0.0,28.571428571428573,0.0,0.0,14.285714285714286,0.0,14.285714285714286,28.571428571428573,14.285714285714286,0.0
59,Baby I Love You,Aretha Franklin,1967,fear,0.0,0.0,0.0,33.333333333333336,16.666666666666668,16.666666666666668,0.0,16.666666666666668,16.666666666666668,0.0
60,A Little Bit Me a Little Bit You,The Monkees,1967,joy,0.0,0.0,0.0,0.0,33.333333333333336,0.0,0.0,33.333333333333336,33.333333333333336,0.0
61,California Nights,Lesley Gore,1967,joy,0.0,20.0,0.0,10.0,50.0,0.0,10.0,0.0,10.0,0.0
62,Dedicated to the One I Love,The Mamas,1967,joy,0.0,11.11111111111111,0.0,0.0,55.55555555555556,0.0,11.11111111111111,11.11111111111111,11.11111111111111,0.0
63,How Can I Be Sure,The Young Rascals,1967,anticipation,0.0,20.0,0.0,0.0,20.0,20.0,10.0,20.0,10.0,0.0
64,Carrie Anne,The Hollies,1967,trust,0.0,14.285714285714286,14.285714285714286,0.0,0.0,14.285714285714286,0.0,42.857142857142854,14.285714285714286,0.0
65,(We Ain't Got) Nothin' Yet,Blues Magoos,1967,surprise,0.0,14.285714285714286,0.0,0.0,14.285714285714286,0.0,28.571428571428573,28.571428571428573,14.285714285714286,0.0
66,Friday on My Mind,The Easybeats,1967,anticipation,11.764705882352942,17.647058823529413,11.764705882352942,11.764705882352942,17.647058823529413,11.764705882352942,5.882352941176471,5.882352941176471,5.882352941176471,0.0
67,Soul Finger,The Bar-Kays,1967,na,0,0,0,0,0,0,0,0,0,100
68,Gimme Some Lovin',The Spencer Davis Group,1967,joy,5.882352941176471,23.529411764705884,0.0,5.882352941176471,29.41176470588235,5.882352941176471,11.764705882352942,11.764705882352942,5.882352941176471,0.0
69,Let It Out (Let It All Hang Out),The Hombres,1967,disgust,0.0,8.333333333333334,33.333333333333336,8.333333333333334,8.333333333333334,16.666666666666668,8.333333333333334,8.333333333333334,8.333333333333334,0.0
70,Let's Live for Today,The Grass Roots,1967,anger,16.666666666666668,16.666666666666668,16.666666666666668,16.666666666666668,0.0,16.666666666666668,0.0,0.0,16.666666666666668,0.0
71,Close Your Eyes,Peaches,1967,anticipation,0.0,33.333333333333336,0.0,0.0,16.666666666666668,0.0,16.666666666666668,16.666666666666668,16.666666666666668,0.0
72,Groovin',Booker T,1967,anticipation,0.0,40.0,0.0,0.0,30.0,0.0,10.0,10.0,10.0,0.0
73,Funky Broadway,Wilson Pickett,1967,joy,0.0,0.0,0.0,0.0,66.66666666666667,0.0,0.0,16.666666666666668,16.666666666666668,0.0
74,Pleasant Valley Sunday,The Monkees,1967,trust,0.0,18.181818181818183,9.090909090909092,4.545454545454546,22.727272727272727,4.545454545454546,9.090909090909092,27.272727272727273,4.545454545454546,0.0
75,I Never Loved a Man (The Way I Love You),Aretha Franklin,1967,disgust,12.5,12.5,20.833333333333332,12.5,8.333333333333334,12.5,8.333333333333334,8.333333333333334,4.166666666666667,0.0
76,Tell It Like It Is,Aaron Neville,1967,anticipation,8.333333333333334,16.666666666666668,16.666666666666668,8.333333333333334,8.333333333333334,16.666666666666668,0.0,16.666666666666668,8.333333333333334,0.0
77,Cold Sweat,James Brown,1967,joy,0.0,0.0,0.0,0.0,33.333333333333336,0.0,0.0,33.333333333333336,33.333333333333336,0.0
78,She'd Rather Be with Me,The Turtles,1967,disgust,0.0,0.0,25.0,0.0,25.0,0.0,25.0,0.0,25.0,0.0
79,98.6,Keith,1967,joy,0.0,16.666666666666668,0.0,0.0,33.333333333333336,0.0,16.666666666666668,25.0,8.333333333333334,0.0
80,Here We Go Again,Ray Charles,1967,disgust,0.0,0.0,50.0,0.0,0.0,0.0,0.0,0.0,50.0,0.0
81,White Rabbit,Jefferson Airplane,1967,trust,0.0,13.333333333333334,13.333333333333334,0.0,20.0,6.666666666666667,6.666666666666667,33.333333333333336,6.666666666666667,0.0
82,Bernadette,Four Tops,1967,joy,0.0,12.5,0.0,0.0,50.0,0.0,0.0,25.0,12.5,0.0
83,The Beat Goes On,Sonny,1967,anticipation,0.0,50.0,0.0,0.0,0.0,0.0,0.0,0.0,50.0,0.0
84,Snoopy Vs. The Red Baron,The Royal Guardsmen,1967,anticipation,9.090909090909092,18.181818181818183,9.090909090909092,9.090909090909092,9.090909090909092,9.090909090909092,9.090909090909092,18.181818181818183,9.090909090909092,0.0
85,Society's Child,Janis Ian,1967,joy,0.0,6.666666666666667,13.333333333333334,6.666666666666667,26.666666666666668,20.0,0.0,20.0,6.666666666666667,0.0
86,Girl You'll Be a Woman Soon,Neil Diamond,1967,joy,0.0,10.0,10.0,0.0,30.0,0.0,20.0,20.0,10.0,0.0
87,Ain't No Mountain High Enough,Marvin Gaye,1967,anticipation,0.0,36.36363636363637,0.0,0.0,36.36363636363637,0.0,0.0,18.181818181818183,9.090909090909092,0.0
88,I Take It Back,Sandy Posey,1967,joy,0.0,0.0,0.0,0.0,66.66666666666667,0.0,0.0,0.0,33.333333333333336,0.0
89,Here Comes My Baby,The Tremeloes,1967,anticipation,10.0,20.0,10.0,20.0,10.0,10.0,0.0,10.0,10.0,0.0
90,Everlasting Love,Robert Knight,1967,joy,11.11111111111111,11.11111111111111,0.0,11.11111111111111,33.333333333333336,11.11111111111111,0.0,11.11111111111111,11.11111111111111,0.0
91,I Dig Rock and Roll Music,Peter Paul,1967,anticipation,0.0,28.571428571428573,0.0,0.0,14.285714285714286,0.0,28.571428571428573,14.285714285714286,14.285714285714286,0.0
92,Little Ole Man (Uptight Everything's Alright),Bill Cosby,1967,joy,0.0,16.666666666666668,0.0,0.0,50.0,0.0,16.666666666666668,0.0,16.666666666666668,0.0
